p14arf	atm	CyclinE	rb	Akt	cycg	mdmx	p53	wip1	mdm2	mdm2
0	0	0	0	0	0	0	0	0	0	1
0	0	0	0	0	0	0	0	0	1	1
0	0	0	0	0	0	0	0	1	0	1
0	0	0	0	0	0	0	0	1	1	1
0	0	0	0	0	0	0	1	0	0	1
0	0	0	0	0	0	0	1	0	1	1
0	0	0	0	0	0	0	1	1	0	1
0	0	0	0	0	0	0	1	1	1	1
0	0	0	0	0	0	1	0	0	0	1
0	0	0	0	0	0	1	0	0	1	1
0	0	0	0	0	0	1	0	1	0	1
0	0	0	0	0	0	1	0	1	1	1
0	0	0	0	0	0	1	1	0	0	1
0	0	0	0	0	0	1	1	0	1	1
0	0	0	0	0	0	1	1	1	0	1
0	0	0	0	0	0	1	1	1	1	1
0	0	0	0	0	1	0	0	0	0	1
0	0	0	0	0	1	0	0	0	1	1
0	0	0	0	0	1	0	0	1	0	1
0	0	0	0	0	1	0	0	1	1	1
0	0	0	0	0	1	0	1	0	0	1
0	0	0	0	0	1	0	1	0	1	1
0	0	0	0	0	1	0	1	1	0	1
0	0	0	0	0	1	0	1	1	1	1
0	0	0	0	0	1	1	0	0	0	1
0	0	0	0	0	1	1	0	0	1	1
0	0	0	0	0	1	1	0	1	0	1
0	0	0	0	0	1	1	0	1	1	1
0	0	0	0	0	1	1	1	0	0	1
0	0	0	0	0	1	1	1	0	1	1
0	0	0	0	0	1	1	1	1	0	1
0	0	0	0	0	1	1	1	1	1	1
0	0	0	0	1	0	0	0	0	0	1
0	0	0	0	1	0	0	0	0	1	1
0	0	0	0	1	0	0	0	1	0	1
0	0	0	0	1	0	0	0	1	1	1
0	0	0	0	1	0	0	1	0	0	1
0	0	0	0	1	0	0	1	0	1	1
0	0	0	0	1	0	0	1	1	0	1
0	0	0	0	1	0	0	1	1	1	1
0	0	0	0	1	0	1	0	0	0	1
0	0	0	0	1	0	1	0	0	1	1
0	0	0	0	1	0	1	0	1	0	1
0	0	0	0	1	0	1	0	1	1	1
0	0	0	0	1	0	1	1	0	0	1
0	0	0	0	1	0	1	1	0	1	1
0	0	0	0	1	0	1	1	1	0	1
0	0	0	0	1	0	1	1	1	1	1
0	0	0	0	1	1	0	0	0	0	1
0	0	0	0	1	1	0	0	0	1	1
0	0	0	0	1	1	0	0	1	0	1
0	0	0	0	1	1	0	0	1	1	1
0	0	0	0	1	1	0	1	0	0	1
0	0	0	0	1	1	0	1	0	1	1
0	0	0	0	1	1	0	1	1	0	1
0	0	0	0	1	1	0	1	1	1	1
0	0	0	0	1	1	1	0	0	0	1
0	0	0	0	1	1	1	0	0	1	1
0	0	0	0	1	1	1	0	1	0	1
0	0	0	0	1	1	1	0	1	1	1
0	0	0	0	1	1	1	1	0	0	1
0	0	0	0	1	1	1	1	0	1	1
0	0	0	0	1	1	1	1	1	0	1
0	0	0	0	1	1	1	1	1	1	1
0	0	0	1	0	0	0	0	0	0	0
0	0	0	1	0	0	0	0	0	1	0
0	0	0	1	0	0	0	0	1	0	0
0	0	0	1	0	0	0	0	1	1	1
0	0	0	1	0	0	0	1	0	0	0
0	0	0	1	0	0	0	1	0	1	1
0	0	0	1	0	0	0	1	1	0	1
0	0	0	1	0	0	0	1	1	1	1
0	0	0	1	0	0	1	0	0	0	1
0	0	0	1	0	0	1	0	0	1	1
0	0	0	1	0	0	1	0	1	0	1
0	0	0	1	0	0	1	0	1	1	1
0	0	0	1	0	0	1	1	0	0	1
0	0	0	1	0	0	1	1	0	1	1
0	0	0	1	0	0	1	1	1	0	1
0	0	0	1	0	0	1	1	1	1	1
0	0	0	1	0	1	0	0	0	0	0
0	0	0	1	0	1	0	0	0	1	1
0	0	0	1	0	1	0	0	1	0	1
0	0	0	1	0	1	0	0	1	1	1
0	0	0	1	0	1	0	1	0	0	1
0	0	0	1	0	1	0	1	0	1	1
0	0	0	1	0	1	0	1	1	0	1
0	0	0	1	0	1	0	1	1	1	1
0	0	0	1	0	1	1	0	0	0	1
0	0	0	1	0	1	1	0	0	1	1
0	0	0	1	0	1	1	0	1	0	1
0	0	0	1	0	1	1	0	1	1	1
0	0	0	1	0	1	1	1	0	0	1
0	0	0	1	0	1	1	1	0	1	1
0	0	0	1	0	1	1	1	1	0	1
0	0	0	1	0	1	1	1	1	1	1
0	0	0	1	1	0	0	0	0	0	0
0	0	0	1	1	0	0	0	0	1	1
0	0	0	1	1	0	0	0	1	0	1
0	0	0	1	1	0	0	0	1	1	1
0	0	0	1	1	0	0	1	0	0	1
0	0	0	1	1	0	0	1	0	1	1
0	0	0	1	1	0	0	1	1	0	1
0	0	0	1	1	0	0	1	1	1	1
0	0	0	1	1	0	1	0	0	0	1
0	0	0	1	1	0	1	0	0	1	1
0	0	0	1	1	0	1	0	1	0	1
0	0	0	1	1	0	1	0	1	1	1
0	0	0	1	1	0	1	1	0	0	1
0	0	0	1	1	0	1	1	0	1	1
0	0	0	1	1	0	1	1	1	0	1
0	0	0	1	1	0	1	1	1	1	1
0	0	0	1	1	1	0	0	0	0	1
0	0	0	1	1	1	0	0	0	1	1
0	0	0	1	1	1	0	0	1	0	1
0	0	0	1	1	1	0	0	1	1	1
0	0	0	1	1	1	0	1	0	0	1
0	0	0	1	1	1	0	1	0	1	1
0	0	0	1	1	1	0	1	1	0	1
0	0	0	1	1	1	0	1	1	1	1
0	0	0	1	1	1	1	0	0	0	1
0	0	0	1	1	1	1	0	0	1	1
0	0	0	1	1	1	1	0	1	0	1
0	0	0	1	1	1	1	0	1	1	1
0	0	0	1	1	1	1	1	0	0	1
0	0	0	1	1	1	1	1	0	1	1
0	0	0	1	1	1	1	1	1	0	1
0	0	0	1	1	1	1	1	1	1	1
0	0	1	0	0	0	0	0	0	0	0
0	0	1	0	0	0	0	0	0	1	0
0	0	1	0	0	0	0	0	1	0	0
0	0	1	0	0	0	0	0	1	1	1
0	0	1	0	0	0	0	1	0	0	0
0	0	1	0	0	0	0	1	0	1	1
0	0	1	0	0	0	0	1	1	0	1
0	0	1	0	0	0	0	1	1	1	1
0	0	1	0	0	0	1	0	0	0	1
0	0	1	0	0	0	1	0	0	1	1
0	0	1	0	0	0	1	0	1	0	1
0	0	1	0	0	0	1	0	1	1	1
0	0	1	0	0	0	1	1	0	0	1
0	0	1	0	0	0	1	1	0	1	1
0	0	1	0	0	0	1	1	1	0	1
0	0	1	0	0	0	1	1	1	1	1
0	0	1	0	0	1	0	0	0	0	0
0	0	1	0	0	1	0	0	0	1	1
0	0	1	0	0	1	0	0	1	0	1
0	0	1	0	0	1	0	0	1	1	1
0	0	1	0	0	1	0	1	0	0	1
0	0	1	0	0	1	0	1	0	1	1
0	0	1	0	0	1	0	1	1	0	1
0	0	1	0	0	1	0	1	1	1	1
0	0	1	0	0	1	1	0	0	0	1
0	0	1	0	0	1	1	0	0	1	1
0	0	1	0	0	1	1	0	1	0	1
0	0	1	0	0	1	1	0	1	1	1
0	0	1	0	0	1	1	1	0	0	1
0	0	1	0	0	1	1	1	0	1	1
0	0	1	0	0	1	1	1	1	0	1
0	0	1	0	0	1	1	1	1	1	1
0	0	1	0	1	0	0	0	0	0	0
0	0	1	0	1	0	0	0	0	1	1
0	0	1	0	1	0	0	0	1	0	1
0	0	1	0	1	0	0	0	1	1	1
0	0	1	0	1	0	0	1	0	0	1
0	0	1	0	1	0	0	1	0	1	1
0	0	1	0	1	0	0	1	1	0	1
0	0	1	0	1	0	0	1	1	1	1
0	0	1	0	1	0	1	0	0	0	1
0	0	1	0	1	0	1	0	0	1	1
0	0	1	0	1	0	1	0	1	0	1
0	0	1	0	1	0	1	0	1	1	1
0	0	1	0	1	0	1	1	0	0	1
0	0	1	0	1	0	1	1	0	1	1
0	0	1	0	1	0	1	1	1	0	1
0	0	1	0	1	0	1	1	1	1	1
0	0	1	0	1	1	0	0	0	0	1
0	0	1	0	1	1	0	0	0	1	1
0	0	1	0	1	1	0	0	1	0	1
0	0	1	0	1	1	0	0	1	1	1
0	0	1	0	1	1	0	1	0	0	1
0	0	1	0	1	1	0	1	0	1	1
0	0	1	0	1	1	0	1	1	0	1
0	0	1	0	1	1	0	1	1	1	1
0	0	1	0	1	1	1	0	0	0	1
0	0	1	0	1	1	1	0	0	1	1
0	0	1	0	1	1	1	0	1	0	1
0	0	1	0	1	1	1	0	1	1	1
0	0	1	0	1	1	1	1	0	0	1
0	0	1	0	1	1	1	1	0	1	1
0	0	1	0	1	1	1	1	1	0	1
0	0	1	0	1	1	1	1	1	1	1
0	0	1	1	0	0	0	0	0	0	0
0	0	1	1	0	0	0	0	0	1	0
0	0	1	1	0	0	0	0	1	0	0
0	0	1	1	0	0	0	0	1	1	0
0	0	1	1	0	0	0	1	0	0	0
0	0	1	1	0	0	0	1	0	1	0
0	0	1	1	0	0	0	1	1	0	0
0	0	1	1	0	0	0	1	1	1	0
0	0	1	1	0	0	1	0	0	0	0
0	0	1	1	0	0	1	0	0	1	0
0	0	1	1	0	0	1	0	1	0	0
0	0	1	1	0	0	1	0	1	1	1
0	0	1	1	0	0	1	1	0	0	0
0	0	1	1	0	0	1	1	0	1	1
0	0	1	1	0	0	1	1	1	0	1
0	0	1	1	0	0	1	1	1	1	1
0	0	1	1	0	1	0	0	0	0	0
0	0	1	1	0	1	0	0	0	1	0
0	0	1	1	0	1	0	0	1	0	0
0	0	1	1	0	1	0	0	1	1	0
0	0	1	1	0	1	0	1	0	0	0
0	0	1	1	0	1	0	1	0	1	0
0	0	1	1	0	1	0	1	1	0	0
0	0	1	1	0	1	0	1	1	1	1
0	0	1	1	0	1	1	0	0	0	0
0	0	1	1	0	1	1	0	0	1	1
0	0	1	1	0	1	1	0	1	0	1
0	0	1	1	0	1	1	0	1	1	1
0	0	1	1	0	1	1	1	0	0	1
0	0	1	1	0	1	1	1	0	1	1
0	0	1	1	0	1	1	1	1	0	1
0	0	1	1	0	1	1	1	1	1	1
0	0	1	1	1	0	0	0	0	0	0
0	0	1	1	1	0	0	0	0	1	0
0	0	1	1	1	0	0	0	1	0	0
0	0	1	1	1	0	0	0	1	1	0
0	0	1	1	1	0	0	1	0	0	0
0	0	1	1	1	0	0	1	0	1	0
0	0	1	1	1	0	0	1	1	0	0
0	0	1	1	1	0	0	1	1	1	1
0	0	1	1	1	0	1	0	0	0	0
0	0	1	1	1	0	1	0	0	1	1
0	0	1	1	1	0	1	0	1	0	1
0	0	1	1	1	0	1	0	1	1	1
0	0	1	1	1	0	1	1	0	0	1
0	0	1	1	1	0	1	1	0	1	1
0	0	1	1	1	0	1	1	1	0	1
0	0	1	1	1	0	1	1	1	1	1
0	0	1	1	1	1	0	0	0	0	0
0	0	1	1	1	1	0	0	0	1	0
0	0	1	1	1	1	0	0	1	0	0
0	0	1	1	1	1	0	0	1	1	1
0	0	1	1	1	1	0	1	0	0	0
0	0	1	1	1	1	0	1	0	1	1
0	0	1	1	1	1	0	1	1	0	1
0	0	1	1	1	1	0	1	1	1	1
0	0	1	1	1	1	1	0	0	0	1
0	0	1	1	1	1	1	0	0	1	1
0	0	1	1	1	1	1	0	1	0	1
0	0	1	1	1	1	1	0	1	1	1
0	0	1	1	1	1	1	1	0	0	1
0	0	1	1	1	1	1	1	0	1	1
0	0	1	1	1	1	1	1	1	0	1
0	0	1	1	1	1	1	1	1	1	1
0	1	0	0	0	0	0	0	0	0	0
0	1	0	0	0	0	0	0	0	1	0
0	1	0	0	0	0	0	0	1	0	0
0	1	0	0	0	0	0	0	1	1	1
0	1	0	0	0	0	0	1	0	0	0
0	1	0	0	0	0	0	1	0	1	1
0	1	0	0	0	0	0	1	1	0	1
0	1	0	0	0	0	0	1	1	1	1
0	1	0	0	0	0	1	0	0	0	1
0	1	0	0	0	0	1	0	0	1	1
0	1	0	0	0	0	1	0	1	0	1
0	1	0	0	0	0	1	0	1	1	1
0	1	0	0	0	0	1	1	0	0	1
0	1	0	0	0	0	1	1	0	1	1
0	1	0	0	0	0	1	1	1	0	1
0	1	0	0	0	0	1	1	1	1	1
0	1	0	0	0	1	0	0	0	0	0
0	1	0	0	0	1	0	0	0	1	1
0	1	0	0	0	1	0	0	1	0	1
0	1	0	0	0	1	0	0	1	1	1
0	1	0	0	0	1	0	1	0	0	1
0	1	0	0	0	1	0	1	0	1	1
0	1	0	0	0	1	0	1	1	0	1
0	1	0	0	0	1	0	1	1	1	1
0	1	0	0	0	1	1	0	0	0	1
0	1	0	0	0	1	1	0	0	1	1
0	1	0	0	0	1	1	0	1	0	1
0	1	0	0	0	1	1	0	1	1	1
0	1	0	0	0	1	1	1	0	0	1
0	1	0	0	0	1	1	1	0	1	1
0	1	0	0	0	1	1	1	1	0	1
0	1	0	0	0	1	1	1	1	1	1
0	1	0	0	1	0	0	0	0	0	0
0	1	0	0	1	0	0	0	0	1	1
0	1	0	0	1	0	0	0	1	0	1
0	1	0	0	1	0	0	0	1	1	1
0	1	0	0	1	0	0	1	0	0	1
0	1	0	0	1	0	0	1	0	1	1
0	1	0	0	1	0	0	1	1	0	1
0	1	0	0	1	0	0	1	1	1	1
0	1	0	0	1	0	1	0	0	0	1
0	1	0	0	1	0	1	0	0	1	1
0	1	0	0	1	0	1	0	1	0	1
0	1	0	0	1	0	1	0	1	1	1
0	1	0	0	1	0	1	1	0	0	1
0	1	0	0	1	0	1	1	0	1	1
0	1	0	0	1	0	1	1	1	0	1
0	1	0	0	1	0	1	1	1	1	1
0	1	0	0	1	1	0	0	0	0	1
0	1	0	0	1	1	0	0	0	1	1
0	1	0	0	1	1	0	0	1	0	1
0	1	0	0	1	1	0	0	1	1	1
0	1	0	0	1	1	0	1	0	0	1
0	1	0	0	1	1	0	1	0	1	1
0	1	0	0	1	1	0	1	1	0	1
0	1	0	0	1	1	0	1	1	1	1
0	1	0	0	1	1	1	0	0	0	1
0	1	0	0	1	1	1	0	0	1	1
0	1	0	0	1	1	1	0	1	0	1
0	1	0	0	1	1	1	0	1	1	1
0	1	0	0	1	1	1	1	0	0	1
0	1	0	0	1	1	1	1	0	1	1
0	1	0	0	1	1	1	1	1	0	1
0	1	0	0	1	1	1	1	1	1	1
0	1	0	1	0	0	0	0	0	0	0
0	1	0	1	0	0	0	0	0	1	0
0	1	0	1	0	0	0	0	1	0	0
0	1	0	1	0	0	0	0	1	1	0
0	1	0	1	0	0	0	1	0	0	0
0	1	0	1	0	0	0	1	0	1	0
0	1	0	1	0	0	0	1	1	0	0
0	1	0	1	0	0	0	1	1	1	0
0	1	0	1	0	0	1	0	0	0	0
0	1	0	1	0	0	1	0	0	1	0
0	1	0	1	0	0	1	0	1	0	0
0	1	0	1	0	0	1	0	1	1	1
0	1	0	1	0	0	1	1	0	0	0
0	1	0	1	0	0	1	1	0	1	1
0	1	0	1	0	0	1	1	1	0	1
0	1	0	1	0	0	1	1	1	1	1
0	1	0	1	0	1	0	0	0	0	0
0	1	0	1	0	1	0	0	0	1	0
0	1	0	1	0	1	0	0	1	0	0
0	1	0	1	0	1	0	0	1	1	0
0	1	0	1	0	1	0	1	0	0	0
0	1	0	1	0	1	0	1	0	1	0
0	1	0	1	0	1	0	1	1	0	0
0	1	0	1	0	1	0	1	1	1	1
0	1	0	1	0	1	1	0	0	0	0
0	1	0	1	0	1	1	0	0	1	1
0	1	0	1	0	1	1	0	1	0	1
0	1	0	1	0	1	1	0	1	1	1
0	1	0	1	0	1	1	1	0	0	1
0	1	0	1	0	1	1	1	0	1	1
0	1	0	1	0	1	1	1	1	0	1
0	1	0	1	0	1	1	1	1	1	1
0	1	0	1	1	0	0	0	0	0	0
0	1	0	1	1	0	0	0	0	1	0
0	1	0	1	1	0	0	0	1	0	0
0	1	0	1	1	0	0	0	1	1	0
0	1	0	1	1	0	0	1	0	0	0
0	1	0	1	1	0	0	1	0	1	0
0	1	0	1	1	0	0	1	1	0	0
0	1	0	1	1	0	0	1	1	1	1
0	1	0	1	1	0	1	0	0	0	0
0	1	0	1	1	0	1	0	0	1	1
0	1	0	1	1	0	1	0	1	0	1
0	1	0	1	1	0	1	0	1	1	1
0	1	0	1	1	0	1	1	0	0	1
0	1	0	1	1	0	1	1	0	1	1
0	1	0	1	1	0	1	1	1	0	1
0	1	0	1	1	0	1	1	1	1	1
0	1	0	1	1	1	0	0	0	0	0
0	1	0	1	1	1	0	0	0	1	0
0	1	0	1	1	1	0	0	1	0	0
0	1	0	1	1	1	0	0	1	1	1
0	1	0	1	1	1	0	1	0	0	0
0	1	0	1	1	1	0	1	0	1	1
0	1	0	1	1	1	0	1	1	0	1
0	1	0	1	1	1	0	1	1	1	1
0	1	0	1	1	1	1	0	0	0	1
0	1	0	1	1	1	1	0	0	1	1
0	1	0	1	1	1	1	0	1	0	1
0	1	0	1	1	1	1	0	1	1	1
0	1	0	1	1	1	1	1	0	0	1
0	1	0	1	1	1	1	1	0	1	1
0	1	0	1	1	1	1	1	1	0	1
0	1	0	1	1	1	1	1	1	1	1
0	1	1	0	0	0	0	0	0	0	0
0	1	1	0	0	0	0	0	0	1	0
0	1	1	0	0	0	0	0	1	0	0
0	1	1	0	0	0	0	0	1	1	0
0	1	1	0	0	0	0	1	0	0	0
0	1	1	0	0	0	0	1	0	1	0
0	1	1	0	0	0	0	1	1	0	0
0	1	1	0	0	0	0	1	1	1	0
0	1	1	0	0	0	1	0	0	0	0
0	1	1	0	0	0	1	0	0	1	0
0	1	1	0	0	0	1	0	1	0	0
0	1	1	0	0	0	1	0	1	1	1
0	1	1	0	0	0	1	1	0	0	0
0	1	1	0	0	0	1	1	0	1	1
0	1	1	0	0	0	1	1	1	0	1
0	1	1	0	0	0	1	1	1	1	1
0	1	1	0	0	1	0	0	0	0	0
0	1	1	0	0	1	0	0	0	1	0
0	1	1	0	0	1	0	0	1	0	0
0	1	1	0	0	1	0	0	1	1	0
0	1	1	0	0	1	0	1	0	0	0
0	1	1	0	0	1	0	1	0	1	0
0	1	1	0	0	1	0	1	1	0	0
0	1	1	0	0	1	0	1	1	1	1
0	1	1	0	0	1	1	0	0	0	0
0	1	1	0	0	1	1	0	0	1	1
0	1	1	0	0	1	1	0	1	0	1
0	1	1	0	0	1	1	0	1	1	1
0	1	1	0	0	1	1	1	0	0	1
0	1	1	0	0	1	1	1	0	1	1
0	1	1	0	0	1	1	1	1	0	1
0	1	1	0	0	1	1	1	1	1	1
0	1	1	0	1	0	0	0	0	0	0
0	1	1	0	1	0	0	0	0	1	0
0	1	1	0	1	0	0	0	1	0	0
0	1	1	0	1	0	0	0	1	1	0
0	1	1	0	1	0	0	1	0	0	0
0	1	1	0	1	0	0	1	0	1	0
0	1	1	0	1	0	0	1	1	0	0
0	1	1	0	1	0	0	1	1	1	1
0	1	1	0	1	0	1	0	0	0	0
0	1	1	0	1	0	1	0	0	1	1
0	1	1	0	1	0	1	0	1	0	1
0	1	1	0	1	0	1	0	1	1	1
0	1	1	0	1	0	1	1	0	0	1
0	1	1	0	1	0	1	1	0	1	1
0	1	1	0	1	0	1	1	1	0	1
0	1	1	0	1	0	1	1	1	1	1
0	1	1	0	1	1	0	0	0	0	0
0	1	1	0	1	1	0	0	0	1	0
0	1	1	0	1	1	0	0	1	0	0
0	1	1	0	1	1	0	0	1	1	1
0	1	1	0	1	1	0	1	0	0	0
0	1	1	0	1	1	0	1	0	1	1
0	1	1	0	1	1	0	1	1	0	1
0	1	1	0	1	1	0	1	1	1	1
0	1	1	0	1	1	1	0	0	0	1
0	1	1	0	1	1	1	0	0	1	1
0	1	1	0	1	1	1	0	1	0	1
0	1	1	0	1	1	1	0	1	1	1
0	1	1	0	1	1	1	1	0	0	1
0	1	1	0	1	1	1	1	0	1	1
0	1	1	0	1	1	1	1	1	0	1
0	1	1	0	1	1	1	1	1	1	1
0	1	1	1	0	0	0	0	0	0	0
0	1	1	1	0	0	0	0	0	1	0
0	1	1	1	0	0	0	0	1	0	0
0	1	1	1	0	0	0	0	1	1	0
0	1	1	1	0	0	0	1	0	0	0
0	1	1	1	0	0	0	1	0	1	0
0	1	1	1	0	0	0	1	1	0	0
0	1	1	1	0	0	0	1	1	1	0
0	1	1	1	0	0	1	0	0	0	0
0	1	1	1	0	0	1	0	0	1	0
0	1	1	1	0	0	1	0	1	0	0
0	1	1	1	0	0	1	0	1	1	0
0	1	1	1	0	0	1	1	0	0	0
0	1	1	1	0	0	1	1	0	1	0
0	1	1	1	0	0	1	1	1	0	0
0	1	1	1	0	0	1	1	1	1	0
0	1	1	1	0	1	0	0	0	0	0
0	1	1	1	0	1	0	0	0	1	0
0	1	1	1	0	1	0	0	1	0	0
0	1	1	1	0	1	0	0	1	1	0
0	1	1	1	0	1	0	1	0	0	0
0	1	1	1	0	1	0	1	0	1	0
0	1	1	1	0	1	0	1	1	0	0
0	1	1	1	0	1	0	1	1	1	0
0	1	1	1	0	1	1	0	0	0	0
0	1	1	1	0	1	1	0	0	1	0
0	1	1	1	0	1	1	0	1	0	0
0	1	1	1	0	1	1	0	1	1	0
0	1	1	1	0	1	1	1	0	0	0
0	1	1	1	0	1	1	1	0	1	0
0	1	1	1	0	1	1	1	1	0	0
0	1	1	1	0	1	1	1	1	1	1
0	1	1	1	1	0	0	0	0	0	0
0	1	1	1	1	0	0	0	0	1	0
0	1	1	1	1	0	0	0	1	0	0
0	1	1	1	1	0	0	0	1	1	0
0	1	1	1	1	0	0	1	0	0	0
0	1	1	1	1	0	0	1	0	1	0
0	1	1	1	1	0	0	1	1	0	0
0	1	1	1	1	0	0	1	1	1	0
0	1	1	1	1	0	1	0	0	0	0
0	1	1	1	1	0	1	0	0	1	0
0	1	1	1	1	0	1	0	1	0	0
0	1	1	1	1	0	1	0	1	1	0
0	1	1	1	1	0	1	1	0	0	0
0	1	1	1	1	0	1	1	0	1	0
0	1	1	1	1	0	1	1	1	0	0
0	1	1	1	1	0	1	1	1	1	1
0	1	1	1	1	1	0	0	0	0	0
0	1	1	1	1	1	0	0	0	1	0
0	1	1	1	1	1	0	0	1	0	0
0	1	1	1	1	1	0	0	1	1	0
0	1	1	1	1	1	0	1	0	0	0
0	1	1	1	1	1	0	1	0	1	0
0	1	1	1	1	1	0	1	1	0	0
0	1	1	1	1	1	0	1	1	1	0
0	1	1	1	1	1	1	0	0	0	0
0	1	1	1	1	1	1	0	0	1	0
0	1	1	1	1	1	1	0	1	0	0
0	1	1	1	1	1	1	0	1	1	1
0	1	1	1	1	1	1	1	0	0	0
0	1	1	1	1	1	1	1	0	1	1
0	1	1	1	1	1	1	1	1	0	1
0	1	1	1	1	1	1	1	1	1	1
1	0	0	0	0	0	0	0	0	0	0
1	0	0	0	0	0	0	0	0	1	0
1	0	0	0	0	0	0	0	1	0	0
1	0	0	0	0	0	0	0	1	1	0
1	0	0	0	0	0	0	1	0	0	0
1	0	0	0	0	0	0	1	0	1	0
1	0	0	0	0	0	0	1	1	0	0
1	0	0	0	0	0	0	1	1	1	1
1	0	0	0	0	0	1	0	0	0	0
1	0	0	0	0	0	1	0	0	1	1
1	0	0	0	0	0	1	0	1	0	1
1	0	0	0	0	0	1	0	1	1	1
1	0	0	0	0	0	1	1	0	0	1
1	0	0	0	0	0	1	1	0	1	1
1	0	0	0	0	0	1	1	1	0	1
1	0	0	0	0	0	1	1	1	1	1
1	0	0	0	0	1	0	0	0	0	0
1	0	0	0	0	1	0	0	0	1	0
1	0	0	0	0	1	0	0	1	0	0
1	0	0	0	0	1	0	0	1	1	1
1	0	0	0	0	1	0	1	0	0	0
1	0	0	0	0	1	0	1	0	1	1
1	0	0	0	0	1	0	1	1	0	1
1	0	0	0	0	1	0	1	1	1	1
1	0	0	0	0	1	1	0	0	0	1
1	0	0	0	0	1	1	0	0	1	1
1	0	0	0	0	1	1	0	1	0	1
1	0	0	0	0	1	1	0	1	1	1
1	0	0	0	0	1	1	1	0	0	1
1	0	0	0	0	1	1	1	0	1	1
1	0	0	0	0	1	1	1	1	0	1
1	0	0	0	0	1	1	1	1	1	1
1	0	0	0	1	0	0	0	0	0	0
1	0	0	0	1	0	0	0	0	1	0
1	0	0	0	1	0	0	0	1	0	0
1	0	0	0	1	0	0	0	1	1	1
1	0	0	0	1	0	0	1	0	0	0
1	0	0	0	1	0	0	1	0	1	1
1	0	0	0	1	0	0	1	1	0	1
1	0	0	0	1	0	0	1	1	1	1
1	0	0	0	1	0	1	0	0	0	1
1	0	0	0	1	0	1	0	0	1	1
1	0	0	0	1	0	1	0	1	0	1
1	0	0	0	1	0	1	0	1	1	1
1	0	0	0	1	0	1	1	0	0	1
1	0	0	0	1	0	1	1	0	1	1
1	0	0	0	1	0	1	1	1	0	1
1	0	0	0	1	0	1	1	1	1	1
1	0	0	0	1	1	0	0	0	0	0
1	0	0	0	1	1	0	0	0	1	1
1	0	0	0	1	1	0	0	1	0	1
1	0	0	0	1	1	0	0	1	1	1
1	0	0	0	1	1	0	1	0	0	1
1	0	0	0	1	1	0	1	0	1	1
1	0	0	0	1	1	0	1	1	0	1
1	0	0	0	1	1	0	1	1	1	1
1	0	0	0	1	1	1	0	0	0	1
1	0	0	0	1	1	1	0	0	1	1
1	0	0	0	1	1	1	0	1	0	1
1	0	0	0	1	1	1	0	1	1	1
1	0	0	0	1	1	1	1	0	0	1
1	0	0	0	1	1	1	1	0	1	1
1	0	0	0	1	1	1	1	1	0	1
1	0	0	0	1	1	1	1	1	1	1
1	0	0	1	0	0	0	0	0	0	0
1	0	0	1	0	0	0	0	0	1	0
1	0	0	1	0	0	0	0	1	0	0
1	0	0	1	0	0	0	0	1	1	0
1	0	0	1	0	0	0	1	0	0	0
1	0	0	1	0	0	0	1	0	1	0
1	0	0	1	0	0	0	1	1	0	0
1	0	0	1	0	0	0	1	1	1	0
1	0	0	1	0	0	1	0	0	0	0
1	0	0	1	0	0	1	0	0	1	0
1	0	0	1	0	0	1	0	1	0	0
1	0	0	1	0	0	1	0	1	1	0
1	0	0	1	0	0	1	1	0	0	0
1	0	0	1	0	0	1	1	0	1	0
1	0	0	1	0	0	1	1	1	0	0
1	0	0	1	0	0	1	1	1	1	1
1	0	0	1	0	1	0	0	0	0	0
1	0	0	1	0	1	0	0	0	1	0
1	0	0	1	0	1	0	0	1	0	0
1	0	0	1	0	1	0	0	1	1	0
1	0	0	1	0	1	0	1	0	0	0
1	0	0	1	0	1	0	1	0	1	0
1	0	0	1	0	1	0	1	1	0	0
1	0	0	1	0	1	0	1	1	1	0
1	0	0	1	0	1	1	0	0	0	0
1	0	0	1	0	1	1	0	0	1	0
1	0	0	1	0	1	1	0	1	0	0
1	0	0	1	0	1	1	0	1	1	1
1	0	0	1	0	1	1	1	0	0	0
1	0	0	1	0	1	1	1	0	1	1
1	0	0	1	0	1	1	1	1	0	1
1	0	0	1	0	1	1	1	1	1	1
1	0	0	1	1	0	0	0	0	0	0
1	0	0	1	1	0	0	0	0	1	0
1	0	0	1	1	0	0	0	1	0	0
1	0	0	1	1	0	0	0	1	1	0
1	0	0	1	1	0	0	1	0	0	0
1	0	0	1	1	0	0	1	0	1	0
1	0	0	1	1	0	0	1	1	0	0
1	0	0	1	1	0	0	1	1	1	0
1	0	0	1	1	0	1	0	0	0	0
1	0	0	1	1	0	1	0	0	1	0
1	0	0	1	1	0	1	0	1	0	0
1	0	0	1	1	0	1	0	1	1	1
1	0	0	1	1	0	1	1	0	0	0
1	0	0	1	1	0	1	1	0	1	1
1	0	0	1	1	0	1	1	1	0	1
1	0	0	1	1	0	1	1	1	1	1
1	0	0	1	1	1	0	0	0	0	0
1	0	0	1	1	1	0	0	0	1	0
1	0	0	1	1	1	0	0	1	0	0
1	0	0	1	1	1	0	0	1	1	0
1	0	0	1	1	1	0	1	0	0	0
1	0	0	1	1	1	0	1	0	1	0
1	0	0	1	1	1	0	1	1	0	0
1	0	0	1	1	1	0	1	1	1	1
1	0	0	1	1	1	1	0	0	0	0
1	0	0	1	1	1	1	0	0	1	1
1	0	0	1	1	1	1	0	1	0	1
1	0	0	1	1	1	1	0	1	1	1
1	0	0	1	1	1	1	1	0	0	1
1	0	0	1	1	1	1	1	0	1	1
1	0	0	1	1	1	1	1	1	0	1
1	0	0	1	1	1	1	1	1	1	1
1	0	1	0	0	0	0	0	0	0	0
1	0	1	0	0	0	0	0	0	1	0
1	0	1	0	0	0	0	0	1	0	0
1	0	1	0	0	0	0	0	1	1	0
1	0	1	0	0	0	0	1	0	0	0
1	0	1	0	0	0	0	1	0	1	0
1	0	1	0	0	0	0	1	1	0	0
1	0	1	0	0	0	0	1	1	1	0
1	0	1	0	0	0	1	0	0	0	0
1	0	1	0	0	0	1	0	0	1	0
1	0	1	0	0	0	1	0	1	0	0
1	0	1	0	0	0	1	0	1	1	0
1	0	1	0	0	0	1	1	0	0	0
1	0	1	0	0	0	1	1	0	1	0
1	0	1	0	0	0	1	1	1	0	0
1	0	1	0	0	0	1	1	1	1	1
1	0	1	0	0	1	0	0	0	0	0
1	0	1	0	0	1	0	0	0	1	0
1	0	1	0	0	1	0	0	1	0	0
1	0	1	0	0	1	0	0	1	1	0
1	0	1	0	0	1	0	1	0	0	0
1	0	1	0	0	1	0	1	0	1	0
1	0	1	0	0	1	0	1	1	0	0
1	0	1	0	0	1	0	1	1	1	0
1	0	1	0	0	1	1	0	0	0	0
1	0	1	0	0	1	1	0	0	1	0
1	0	1	0	0	1	1	0	1	0	0
1	0	1	0	0	1	1	0	1	1	1
1	0	1	0	0	1	1	1	0	0	0
1	0	1	0	0	1	1	1	0	1	1
1	0	1	0	0	1	1	1	1	0	1
1	0	1	0	0	1	1	1	1	1	1
1	0	1	0	1	0	0	0	0	0	0
1	0	1	0	1	0	0	0	0	1	0
1	0	1	0	1	0	0	0	1	0	0
1	0	1	0	1	0	0	0	1	1	0
1	0	1	0	1	0	0	1	0	0	0
1	0	1	0	1	0	0	1	0	1	0
1	0	1	0	1	0	0	1	1	0	0
1	0	1	0	1	0	0	1	1	1	0
1	0	1	0	1	0	1	0	0	0	0
1	0	1	0	1	0	1	0	0	1	0
1	0	1	0	1	0	1	0	1	0	0
1	0	1	0	1	0	1	0	1	1	1
1	0	1	0	1	0	1	1	0	0	0
1	0	1	0	1	0	1	1	0	1	1
1	0	1	0	1	0	1	1	1	0	1
1	0	1	0	1	0	1	1	1	1	1
1	0	1	0	1	1	0	0	0	0	0
1	0	1	0	1	1	0	0	0	1	0
1	0	1	0	1	1	0	0	1	0	0
1	0	1	0	1	1	0	0	1	1	0
1	0	1	0	1	1	0	1	0	0	0
1	0	1	0	1	1	0	1	0	1	0
1	0	1	0	1	1	0	1	1	0	0
1	0	1	0	1	1	0	1	1	1	1
1	0	1	0	1	1	1	0	0	0	0
1	0	1	0	1	1	1	0	0	1	1
1	0	1	0	1	1	1	0	1	0	1
1	0	1	0	1	1	1	0	1	1	1
1	0	1	0	1	1	1	1	0	0	1
1	0	1	0	1	1	1	1	0	1	1
1	0	1	0	1	1	1	1	1	0	1
1	0	1	0	1	1	1	1	1	1	1
1	0	1	1	0	0	0	0	0	0	0
1	0	1	1	0	0	0	0	0	1	0
1	0	1	1	0	0	0	0	1	0	0
1	0	1	1	0	0	0	0	1	1	0
1	0	1	1	0	0	0	1	0	0	0
1	0	1	1	0	0	0	1	0	1	0
1	0	1	1	0	0	0	1	1	0	0
1	0	1	1	0	0	0	1	1	1	0
1	0	1	1	0	0	1	0	0	0	0
1	0	1	1	0	0	1	0	0	1	0
1	0	1	1	0	0	1	0	1	0	0
1	0	1	1	0	0	1	0	1	1	0
1	0	1	1	0	0	1	1	0	0	0
1	0	1	1	0	0	1	1	0	1	0
1	0	1	1	0	0	1	1	1	0	0
1	0	1	1	0	0	1	1	1	1	0
1	0	1	1	0	1	0	0	0	0	0
1	0	1	1	0	1	0	0	0	1	0
1	0	1	1	0	1	0	0	1	0	0
1	0	1	1	0	1	0	0	1	1	0
1	0	1	1	0	1	0	1	0	0	0
1	0	1	1	0	1	0	1	0	1	0
1	0	1	1	0	1	0	1	1	0	0
1	0	1	1	0	1	0	1	1	1	0
1	0	1	1	0	1	1	0	0	0	0
1	0	1	1	0	1	1	0	0	1	0
1	0	1	1	0	1	1	0	1	0	0
1	0	1	1	0	1	1	0	1	1	0
1	0	1	1	0	1	1	1	0	0	0
1	0	1	1	0	1	1	1	0	1	0
1	0	1	1	0	1	1	1	1	0	0
1	0	1	1	0	1	1	1	1	1	0
1	0	1	1	1	0	0	0	0	0	0
1	0	1	1	1	0	0	0	0	1	0
1	0	1	1	1	0	0	0	1	0	0
1	0	1	1	1	0	0	0	1	1	0
1	0	1	1	1	0	0	1	0	0	0
1	0	1	1	1	0	0	1	0	1	0
1	0	1	1	1	0	0	1	1	0	0
1	0	1	1	1	0	0	1	1	1	0
1	0	1	1	1	0	1	0	0	0	0
1	0	1	1	1	0	1	0	0	1	0
1	0	1	1	1	0	1	0	1	0	0
1	0	1	1	1	0	1	0	1	1	0
1	0	1	1	1	0	1	1	0	0	0
1	0	1	1	1	0	1	1	0	1	0
1	0	1	1	1	0	1	1	1	0	0
1	0	1	1	1	0	1	1	1	1	0
1	0	1	1	1	1	0	0	0	0	0
1	0	1	1	1	1	0	0	0	1	0
1	0	1	1	1	1	0	0	1	0	0
1	0	1	1	1	1	0	0	1	1	0
1	0	1	1	1	1	0	1	0	0	0
1	0	1	1	1	1	0	1	0	1	0
1	0	1	1	1	1	0	1	1	0	0
1	0	1	1	1	1	0	1	1	1	0
1	0	1	1	1	1	1	0	0	0	0
1	0	1	1	1	1	1	0	0	1	0
1	0	1	1	1	1	1	0	1	0	0
1	0	1	1	1	1	1	0	1	1	0
1	0	1	1	1	1	1	1	0	0	0
1	0	1	1	1	1	1	1	0	1	0
1	0	1	1	1	1	1	1	1	0	0
1	0	1	1	1	1	1	1	1	1	1
1	1	0	0	0	0	0	0	0	0	0
1	1	0	0	0	0	0	0	0	1	0
1	1	0	0	0	0	0	0	1	0	0
1	1	0	0	0	0	0	0	1	1	0
1	1	0	0	0	0	0	1	0	0	0
1	1	0	0	0	0	0	1	0	1	0
1	1	0	0	0	0	0	1	1	0	0
1	1	0	0	0	0	0	1	1	1	0
1	1	0	0	0	0	1	0	0	0	0
1	1	0	0	0	0	1	0	0	1	0
1	1	0	0	0	0	1	0	1	0	0
1	1	0	0	0	0	1	0	1	1	0
1	1	0	0	0	0	1	1	0	0	0
1	1	0	0	0	0	1	1	0	1	0
1	1	0	0	0	0	1	1	1	0	0
1	1	0	0	0	0	1	1	1	1	1
1	1	0	0	0	1	0	0	0	0	0
1	1	0	0	0	1	0	0	0	1	0
1	1	0	0	0	1	0	0	1	0	0
1	1	0	0	0	1	0	0	1	1	0
1	1	0	0	0	1	0	1	0	0	0
1	1	0	0	0	1	0	1	0	1	0
1	1	0	0	0	1	0	1	1	0	0
1	1	0	0	0	1	0	1	1	1	0
1	1	0	0	0	1	1	0	0	0	0
1	1	0	0	0	1	1	0	0	1	0
1	1	0	0	0	1	1	0	1	0	0
1	1	0	0	0	1	1	0	1	1	1
1	1	0	0	0	1	1	1	0	0	0
1	1	0	0	0	1	1	1	0	1	1
1	1	0	0	0	1	1	1	1	0	1
1	1	0	0	0	1	1	1	1	1	1
1	1	0	0	1	0	0	0	0	0	0
1	1	0	0	1	0	0	0	0	1	0
1	1	0	0	1	0	0	0	1	0	0
1	1	0	0	1	0	0	0	1	1	0
1	1	0	0	1	0	0	1	0	0	0
1	1	0	0	1	0	0	1	0	1	0
1	1	0	0	1	0	0	1	1	0	0
1	1	0	0	1	0	0	1	1	1	0
1	1	0	0	1	0	1	0	0	0	0
1	1	0	0	1	0	1	0	0	1	0
1	1	0	0	1	0	1	0	1	0	0
1	1	0	0	1	0	1	0	1	1	1
1	1	0	0	1	0	1	1	0	0	0
1	1	0	0	1	0	1	1	0	1	1
1	1	0	0	1	0	1	1	1	0	1
1	1	0	0	1	0	1	1	1	1	1
1	1	0	0	1	1	0	0	0	0	0
1	1	0	0	1	1	0	0	0	1	0
1	1	0	0	1	1	0	0	1	0	0
1	1	0	0	1	1	0	0	1	1	0
1	1	0	0	1	1	0	1	0	0	0
1	1	0	0	1	1	0	1	0	1	0
1	1	0	0	1	1	0	1	1	0	0
1	1	0	0	1	1	0	1	1	1	1
1	1	0	0	1	1	1	0	0	0	0
1	1	0	0	1	1	1	0	0	1	1
1	1	0	0	1	1	1	0	1	0	1
1	1	0	0	1	1	1	0	1	1	1
1	1	0	0	1	1	1	1	0	0	1
1	1	0	0	1	1	1	1	0	1	1
1	1	0	0	1	1	1	1	1	0	1
1	1	0	0	1	1	1	1	1	1	1
1	1	0	1	0	0	0	0	0	0	0
1	1	0	1	0	0	0	0	0	1	0
1	1	0	1	0	0	0	0	1	0	0
1	1	0	1	0	0	0	0	1	1	0
1	1	0	1	0	0	0	1	0	0	0
1	1	0	1	0	0	0	1	0	1	0
1	1	0	1	0	0	0	1	1	0	0
1	1	0	1	0	0	0	1	1	1	0
1	1	0	1	0	0	1	0	0	0	0
1	1	0	1	0	0	1	0	0	1	0
1	1	0	1	0	0	1	0	1	0	0
1	1	0	1	0	0	1	0	1	1	0
1	1	0	1	0	0	1	1	0	0	0
1	1	0	1	0	0	1	1	0	1	0
1	1	0	1	0	0	1	1	1	0	0
1	1	0	1	0	0	1	1	1	1	0
1	1	0	1	0	1	0	0	0	0	0
1	1	0	1	0	1	0	0	0	1	0
1	1	0	1	0	1	0	0	1	0	0
1	1	0	1	0	1	0	0	1	1	0
1	1	0	1	0	1	0	1	0	0	0
1	1	0	1	0	1	0	1	0	1	0
1	1	0	1	0	1	0	1	1	0	0
1	1	0	1	0	1	0	1	1	1	0
1	1	0	1	0	1	1	0	0	0	0
1	1	0	1	0	1	1	0	0	1	0
1	1	0	1	0	1	1	0	1	0	0
1	1	0	1	0	1	1	0	1	1	0
1	1	0	1	0	1	1	1	0	0	0
1	1	0	1	0	1	1	1	0	1	0
1	1	0	1	0	1	1	1	1	0	0
1	1	0	1	0	1	1	1	1	1	0
1	1	0	1	1	0	0	0	0	0	0
1	1	0	1	1	0	0	0	0	1	0
1	1	0	1	1	0	0	0	1	0	0
1	1	0	1	1	0	0	0	1	1	0
1	1	0	1	1	0	0	1	0	0	0
1	1	0	1	1	0	0	1	0	1	0
1	1	0	1	1	0	0	1	1	0	0
1	1	0	1	1	0	0	1	1	1	0
1	1	0	1	1	0	1	0	0	0	0
1	1	0	1	1	0	1	0	0	1	0
1	1	0	1	1	0	1	0	1	0	0
1	1	0	1	1	0	1	0	1	1	0
1	1	0	1	1	0	1	1	0	0	0
1	1	0	1	1	0	1	1	0	1	0
1	1	0	1	1	0	1	1	1	0	0
1	1	0	1	1	0	1	1	1	1	0
1	1	0	1	1	1	0	0	0	0	0
1	1	0	1	1	1	0	0	0	1	0
1	1	0	1	1	1	0	0	1	0	0
1	1	0	1	1	1	0	0	1	1	0
1	1	0	1	1	1	0	1	0	0	0
1	1	0	1	1	1	0	1	0	1	0
1	1	0	1	1	1	0	1	1	0	0
1	1	0	1	1	1	0	1	1	1	0
1	1	0	1	1	1	1	0	0	0	0
1	1	0	1	1	1	1	0	0	1	0
1	1	0	1	1	1	1	0	1	0	0
1	1	0	1	1	1	1	0	1	1	0
1	1	0	1	1	1	1	1	0	0	0
1	1	0	1	1	1	1	1	0	1	0
1	1	0	1	1	1	1	1	1	0	0
1	1	0	1	1	1	1	1	1	1	1
1	1	1	0	0	0	0	0	0	0	0
1	1	1	0	0	0	0	0	0	1	0
1	1	1	0	0	0	0	0	1	0	0
1	1	1	0	0	0	0	0	1	1	0
1	1	1	0	0	0	0	1	0	0	0
1	1	1	0	0	0	0	1	0	1	0
1	1	1	0	0	0	0	1	1	0	0
1	1	1	0	0	0	0	1	1	1	0
1	1	1	0	0	0	1	0	0	0	0
1	1	1	0	0	0	1	0	0	1	0
1	1	1	0	0	0	1	0	1	0	0
1	1	1	0	0	0	1	0	1	1	0
1	1	1	0	0	0	1	1	0	0	0
1	1	1	0	0	0	1	1	0	1	0
1	1	1	0	0	0	1	1	1	0	0
1	1	1	0	0	0	1	1	1	1	0
1	1	1	0	0	1	0	0	0	0	0
1	1	1	0	0	1	0	0	0	1	0
1	1	1	0	0	1	0	0	1	0	0
1	1	1	0	0	1	0	0	1	1	0
1	1	1	0	0	1	0	1	0	0	0
1	1	1	0	0	1	0	1	0	1	0
1	1	1	0	0	1	0	1	1	0	0
1	1	1	0	0	1	0	1	1	1	0
1	1	1	0	0	1	1	0	0	0	0
1	1	1	0	0	1	1	0	0	1	0
1	1	1	0	0	1	1	0	1	0	0
1	1	1	0	0	1	1	0	1	1	0
1	1	1	0	0	1	1	1	0	0	0
1	1	1	0	0	1	1	1	0	1	0
1	1	1	0	0	1	1	1	1	0	0
1	1	1	0	0	1	1	1	1	1	0
1	1	1	0	1	0	0	0	0	0	0
1	1	1	0	1	0	0	0	0	1	0
1	1	1	0	1	0	0	0	1	0	0
1	1	1	0	1	0	0	0	1	1	0
1	1	1	0	1	0	0	1	0	0	0
1	1	1	0	1	0	0	1	0	1	0
1	1	1	0	1	0	0	1	1	0	0
1	1	1	0	1	0	0	1	1	1	0
1	1	1	0	1	0	1	0	0	0	0
1	1	1	0	1	0	1	0	0	1	0
1	1	1	0	1	0	1	0	1	0	0
1	1	1	0	1	0	1	0	1	1	0
1	1	1	0	1	0	1	1	0	0	0
1	1	1	0	1	0	1	1	0	1	0
1	1	1	0	1	0	1	1	1	0	0
1	1	1	0	1	0	1	1	1	1	0
1	1	1	0	1	1	0	0	0	0	0
1	1	1	0	1	1	0	0	0	1	0
1	1	1	0	1	1	0	0	1	0	0
1	1	1	0	1	1	0	0	1	1	0
1	1	1	0	1	1	0	1	0	0	0
1	1	1	0	1	1	0	1	0	1	0
1	1	1	0	1	1	0	1	1	0	0
1	1	1	0	1	1	0	1	1	1	0
1	1	1	0	1	1	1	0	0	0	0
1	1	1	0	1	1	1	0	0	1	0
1	1	1	0	1	1	1	0	1	0	0
1	1	1	0	1	1	1	0	1	1	0
1	1	1	0	1	1	1	1	0	0	0
1	1	1	0	1	1	1	1	0	1	0
1	1	1	0	1	1	1	1	1	0	0
1	1	1	0	1	1	1	1	1	1	1
1	1	1	1	0	0	0	0	0	0	0
1	1	1	1	0	0	0	0	0	1	0
1	1	1	1	0	0	0	0	1	0	0
1	1	1	1	0	0	0	0	1	1	0
1	1	1	1	0	0	0	1	0	0	0
1	1	1	1	0	0	0	1	0	1	0
1	1	1	1	0	0	0	1	1	0	0
1	1	1	1	0	0	0	1	1	1	0
1	1	1	1	0	0	1	0	0	0	0
1	1	1	1	0	0	1	0	0	1	0
1	1	1	1	0	0	1	0	1	0	0
1	1	1	1	0	0	1	0	1	1	0
1	1	1	1	0	0	1	1	0	0	0
1	1	1	1	0	0	1	1	0	1	0
1	1	1	1	0	0	1	1	1	0	0
1	1	1	1	0	0	1	1	1	1	0
1	1	1	1	0	1	0	0	0	0	0
1	1	1	1	0	1	0	0	0	1	0
1	1	1	1	0	1	0	0	1	0	0
1	1	1	1	0	1	0	0	1	1	0
1	1	1	1	0	1	0	1	0	0	0
1	1	1	1	0	1	0	1	0	1	0
1	1	1	1	0	1	0	1	1	0	0
1	1	1	1	0	1	0	1	1	1	0
1	1	1	1	0	1	1	0	0	0	0
1	1	1	1	0	1	1	0	0	1	0
1	1	1	1	0	1	1	0	1	0	0
1	1	1	1	0	1	1	0	1	1	0
1	1	1	1	0	1	1	1	0	0	0
1	1	1	1	0	1	1	1	0	1	0
1	1	1	1	0	1	1	1	1	0	0
1	1	1	1	0	1	1	1	1	1	0
1	1	1	1	1	0	0	0	0	0	0
1	1	1	1	1	0	0	0	0	1	0
1	1	1	1	1	0	0	0	1	0	0
1	1	1	1	1	0	0	0	1	1	0
1	1	1	1	1	0	0	1	0	0	0
1	1	1	1	1	0	0	1	0	1	0
1	1	1	1	1	0	0	1	1	0	0
1	1	1	1	1	0	0	1	1	1	0
1	1	1	1	1	0	1	0	0	0	0
1	1	1	1	1	0	1	0	0	1	0
1	1	1	1	1	0	1	0	1	0	0
1	1	1	1	1	0	1	0	1	1	0
1	1	1	1	1	0	1	1	0	0	0
1	1	1	1	1	0	1	1	0	1	0
1	1	1	1	1	0	1	1	1	0	0
1	1	1	1	1	0	1	1	1	1	0
1	1	1	1	1	1	0	0	0	0	0
1	1	1	1	1	1	0	0	0	1	0
1	1	1	1	1	1	0	0	1	0	0
1	1	1	1	1	1	0	0	1	1	0
1	1	1	1	1	1	0	1	0	0	0
1	1	1	1	1	1	0	1	0	1	0
1	1	1	1	1	1	0	1	1	0	0
1	1	1	1	1	1	0	1	1	1	0
1	1	1	1	1	1	1	0	0	0	0
1	1	1	1	1	1	1	0	0	1	0
1	1	1	1	1	1	1	0	1	0	0
1	1	1	1	1	1	1	0	1	1	0
1	1	1	1	1	1	1	1	0	0	0
1	1	1	1	1	1	1	1	0	1	0
1	1	1	1	1	1	1	1	1	0	0
1	1	1	1	1	1	1	1	1	1	0
