ASK1	PAK	TAO_1_2	Tpl2	TAK1	MLK3	MLK2	MLK1	Mekk4	Mekk3	Mekk2	MKK3
0	0	0	0	0	0	0	0	0	0	0	0
0	0	0	0	0	0	0	0	0	0	1	0
0	0	0	0	0	0	0	0	0	1	0	0
0	0	0	0	0	0	0	0	0	1	1	0
0	0	0	0	0	0	0	0	1	0	0	0
0	0	0	0	0	0	0	0	1	0	1	0
0	0	0	0	0	0	0	0	1	1	0	0
0	0	0	0	0	0	0	0	1	1	1	0
0	0	0	0	0	0	0	1	0	0	0	0
0	0	0	0	0	0	0	1	0	0	1	0
0	0	0	0	0	0	0	1	0	1	0	0
0	0	0	0	0	0	0	1	0	1	1	0
0	0	0	0	0	0	0	1	1	0	0	0
0	0	0	0	0	0	0	1	1	0	1	0
0	0	0	0	0	0	0	1	1	1	0	0
0	0	0	0	0	0	0	1	1	1	1	0
0	0	0	0	0	0	1	0	0	0	0	0
0	0	0	0	0	0	1	0	0	0	1	0
0	0	0	0	0	0	1	0	0	1	0	0
0	0	0	0	0	0	1	0	0	1	1	0
0	0	0	0	0	0	1	0	1	0	0	0
0	0	0	0	0	0	1	0	1	0	1	0
0	0	0	0	0	0	1	0	1	1	0	0
0	0	0	0	0	0	1	0	1	1	1	0
0	0	0	0	0	0	1	1	0	0	0	0
0	0	0	0	0	0	1	1	0	0	1	0
0	0	0	0	0	0	1	1	0	1	0	0
0	0	0	0	0	0	1	1	0	1	1	0
0	0	0	0	0	0	1	1	1	0	0	0
0	0	0	0	0	0	1	1	1	0	1	0
0	0	0	0	0	0	1	1	1	1	0	0
0	0	0	0	0	0	1	1	1	1	1	0
0	0	0	0	0	1	0	0	0	0	0	0
0	0	0	0	0	1	0	0	0	0	1	0
0	0	0	0	0	1	0	0	0	1	0	0
0	0	0	0	0	1	0	0	0	1	1	0
0	0	0	0	0	1	0	0	1	0	0	0
0	0	0	0	0	1	0	0	1	0	1	0
0	0	0	0	0	1	0	0	1	1	0	0
0	0	0	0	0	1	0	0	1	1	1	0
0	0	0	0	0	1	0	1	0	0	0	0
0	0	0	0	0	1	0	1	0	0	1	0
0	0	0	0	0	1	0	1	0	1	0	0
0	0	0	0	0	1	0	1	0	1	1	0
0	0	0	0	0	1	0	1	1	0	0	0
0	0	0	0	0	1	0	1	1	0	1	0
0	0	0	0	0	1	0	1	1	1	0	0
0	0	0	0	0	1	0	1	1	1	1	0
0	0	0	0	0	1	1	0	0	0	0	0
0	0	0	0	0	1	1	0	0	0	1	0
0	0	0	0	0	1	1	0	0	1	0	0
0	0	0	0	0	1	1	0	0	1	1	0
0	0	0	0	0	1	1	0	1	0	0	0
0	0	0	0	0	1	1	0	1	0	1	0
0	0	0	0	0	1	1	0	1	1	0	0
0	0	0	0	0	1	1	0	1	1	1	0
0	0	0	0	0	1	1	1	0	0	0	0
0	0	0	0	0	1	1	1	0	0	1	0
0	0	0	0	0	1	1	1	0	1	0	0
0	0	0	0	0	1	1	1	0	1	1	0
0	0	0	0	0	1	1	1	1	0	0	0
0	0	0	0	0	1	1	1	1	0	1	0
0	0	0	0	0	1	1	1	1	1	0	0
0	0	0	0	0	1	1	1	1	1	1	0
0	0	0	0	1	0	0	0	0	0	0	0
0	0	0	0	1	0	0	0	0	0	1	0
0	0	0	0	1	0	0	0	0	1	0	0
0	0	0	0	1	0	0	0	0	1	1	0
0	0	0	0	1	0	0	0	1	0	0	0
0	0	0	0	1	0	0	0	1	0	1	0
0	0	0	0	1	0	0	0	1	1	0	0
0	0	0	0	1	0	0	0	1	1	1	0
0	0	0	0	1	0	0	1	0	0	0	0
0	0	0	0	1	0	0	1	0	0	1	0
0	0	0	0	1	0	0	1	0	1	0	0
0	0	0	0	1	0	0	1	0	1	1	0
0	0	0	0	1	0	0	1	1	0	0	0
0	0	0	0	1	0	0	1	1	0	1	0
0	0	0	0	1	0	0	1	1	1	0	0
0	0	0	0	1	0	0	1	1	1	1	0
0	0	0	0	1	0	1	0	0	0	0	0
0	0	0	0	1	0	1	0	0	0	1	0
0	0	0	0	1	0	1	0	0	1	0	0
0	0	0	0	1	0	1	0	0	1	1	0
0	0	0	0	1	0	1	0	1	0	0	0
0	0	0	0	1	0	1	0	1	0	1	0
0	0	0	0	1	0	1	0	1	1	0	0
0	0	0	0	1	0	1	0	1	1	1	0
0	0	0	0	1	0	1	1	0	0	0	0
0	0	0	0	1	0	1	1	0	0	1	0
0	0	0	0	1	0	1	1	0	1	0	0
0	0	0	0	1	0	1	1	0	1	1	0
0	0	0	0	1	0	1	1	1	0	0	0
0	0	0	0	1	0	1	1	1	0	1	0
0	0	0	0	1	0	1	1	1	1	0	0
0	0	0	0	1	0	1	1	1	1	1	0
0	0	0	0	1	1	0	0	0	0	0	0
0	0	0	0	1	1	0	0	0	0	1	0
0	0	0	0	1	1	0	0	0	1	0	0
0	0	0	0	1	1	0	0	0	1	1	0
0	0	0	0	1	1	0	0	1	0	0	0
0	0	0	0	1	1	0	0	1	0	1	0
0	0	0	0	1	1	0	0	1	1	0	0
0	0	0	0	1	1	0	0	1	1	1	0
0	0	0	0	1	1	0	1	0	0	0	0
0	0	0	0	1	1	0	1	0	0	1	0
0	0	0	0	1	1	0	1	0	1	0	0
0	0	0	0	1	1	0	1	0	1	1	0
0	0	0	0	1	1	0	1	1	0	0	0
0	0	0	0	1	1	0	1	1	0	1	0
0	0	0	0	1	1	0	1	1	1	0	0
0	0	0	0	1	1	0	1	1	1	1	0
0	0	0	0	1	1	1	0	0	0	0	0
0	0	0	0	1	1	1	0	0	0	1	0
0	0	0	0	1	1	1	0	0	1	0	0
0	0	0	0	1	1	1	0	0	1	1	0
0	0	0	0	1	1	1	0	1	0	0	0
0	0	0	0	1	1	1	0	1	0	1	0
0	0	0	0	1	1	1	0	1	1	0	0
0	0	0	0	1	1	1	0	1	1	1	0
0	0	0	0	1	1	1	1	0	0	0	0
0	0	0	0	1	1	1	1	0	0	1	0
0	0	0	0	1	1	1	1	0	1	0	0
0	0	0	0	1	1	1	1	0	1	1	0
0	0	0	0	1	1	1	1	1	0	0	0
0	0	0	0	1	1	1	1	1	0	1	0
0	0	0	0	1	1	1	1	1	1	0	0
0	0	0	0	1	1	1	1	1	1	1	0
0	0	0	1	0	0	0	0	0	0	0	0
0	0	0	1	0	0	0	0	0	0	1	0
0	0	0	1	0	0	0	0	0	1	0	0
0	0	0	1	0	0	0	0	0	1	1	0
0	0	0	1	0	0	0	0	1	0	0	0
0	0	0	1	0	0	0	0	1	0	1	0
0	0	0	1	0	0	0	0	1	1	0	0
0	0	0	1	0	0	0	0	1	1	1	0
0	0	0	1	0	0	0	1	0	0	0	0
0	0	0	1	0	0	0	1	0	0	1	0
0	0	0	1	0	0	0	1	0	1	0	0
0	0	0	1	0	0	0	1	0	1	1	0
0	0	0	1	0	0	0	1	1	0	0	0
0	0	0	1	0	0	0	1	1	0	1	0
0	0	0	1	0	0	0	1	1	1	0	0
0	0	0	1	0	0	0	1	1	1	1	0
0	0	0	1	0	0	1	0	0	0	0	0
0	0	0	1	0	0	1	0	0	0	1	0
0	0	0	1	0	0	1	0	0	1	0	0
0	0	0	1	0	0	1	0	0	1	1	0
0	0	0	1	0	0	1	0	1	0	0	0
0	0	0	1	0	0	1	0	1	0	1	0
0	0	0	1	0	0	1	0	1	1	0	0
0	0	0	1	0	0	1	0	1	1	1	0
0	0	0	1	0	0	1	1	0	0	0	0
0	0	0	1	0	0	1	1	0	0	1	0
0	0	0	1	0	0	1	1	0	1	0	0
0	0	0	1	0	0	1	1	0	1	1	0
0	0	0	1	0	0	1	1	1	0	0	0
0	0	0	1	0	0	1	1	1	0	1	0
0	0	0	1	0	0	1	1	1	1	0	0
0	0	0	1	0	0	1	1	1	1	1	0
0	0	0	1	0	1	0	0	0	0	0	0
0	0	0	1	0	1	0	0	0	0	1	0
0	0	0	1	0	1	0	0	0	1	0	0
0	0	0	1	0	1	0	0	0	1	1	0
0	0	0	1	0	1	0	0	1	0	0	0
0	0	0	1	0	1	0	0	1	0	1	0
0	0	0	1	0	1	0	0	1	1	0	0
0	0	0	1	0	1	0	0	1	1	1	0
0	0	0	1	0	1	0	1	0	0	0	0
0	0	0	1	0	1	0	1	0	0	1	0
0	0	0	1	0	1	0	1	0	1	0	0
0	0	0	1	0	1	0	1	0	1	1	0
0	0	0	1	0	1	0	1	1	0	0	0
0	0	0	1	0	1	0	1	1	0	1	0
0	0	0	1	0	1	0	1	1	1	0	0
0	0	0	1	0	1	0	1	1	1	1	0
0	0	0	1	0	1	1	0	0	0	0	0
0	0	0	1	0	1	1	0	0	0	1	0
0	0	0	1	0	1	1	0	0	1	0	0
0	0	0	1	0	1	1	0	0	1	1	0
0	0	0	1	0	1	1	0	1	0	0	0
0	0	0	1	0	1	1	0	1	0	1	0
0	0	0	1	0	1	1	0	1	1	0	0
0	0	0	1	0	1	1	0	1	1	1	0
0	0	0	1	0	1	1	1	0	0	0	0
0	0	0	1	0	1	1	1	0	0	1	0
0	0	0	1	0	1	1	1	0	1	0	0
0	0	0	1	0	1	1	1	0	1	1	0
0	0	0	1	0	1	1	1	1	0	0	0
0	0	0	1	0	1	1	1	1	0	1	0
0	0	0	1	0	1	1	1	1	1	0	0
0	0	0	1	0	1	1	1	1	1	1	0
0	0	0	1	1	0	0	0	0	0	0	0
0	0	0	1	1	0	0	0	0	0	1	0
0	0	0	1	1	0	0	0	0	1	0	0
0	0	0	1	1	0	0	0	0	1	1	0
0	0	0	1	1	0	0	0	1	0	0	0
0	0	0	1	1	0	0	0	1	0	1	0
0	0	0	1	1	0	0	0	1	1	0	0
0	0	0	1	1	0	0	0	1	1	1	0
0	0	0	1	1	0	0	1	0	0	0	0
0	0	0	1	1	0	0	1	0	0	1	0
0	0	0	1	1	0	0	1	0	1	0	0
0	0	0	1	1	0	0	1	0	1	1	0
0	0	0	1	1	0	0	1	1	0	0	0
0	0	0	1	1	0	0	1	1	0	1	0
0	0	0	1	1	0	0	1	1	1	0	0
0	0	0	1	1	0	0	1	1	1	1	0
0	0	0	1	1	0	1	0	0	0	0	0
0	0	0	1	1	0	1	0	0	0	1	0
0	0	0	1	1	0	1	0	0	1	0	0
0	0	0	1	1	0	1	0	0	1	1	0
0	0	0	1	1	0	1	0	1	0	0	0
0	0	0	1	1	0	1	0	1	0	1	0
0	0	0	1	1	0	1	0	1	1	0	0
0	0	0	1	1	0	1	0	1	1	1	0
0	0	0	1	1	0	1	1	0	0	0	0
0	0	0	1	1	0	1	1	0	0	1	0
0	0	0	1	1	0	1	1	0	1	0	0
0	0	0	1	1	0	1	1	0	1	1	0
0	0	0	1	1	0	1	1	1	0	0	0
0	0	0	1	1	0	1	1	1	0	1	0
0	0	0	1	1	0	1	1	1	1	0	0
0	0	0	1	1	0	1	1	1	1	1	0
0	0	0	1	1	1	0	0	0	0	0	0
0	0	0	1	1	1	0	0	0	0	1	0
0	0	0	1	1	1	0	0	0	1	0	0
0	0	0	1	1	1	0	0	0	1	1	0
0	0	0	1	1	1	0	0	1	0	0	0
0	0	0	1	1	1	0	0	1	0	1	0
0	0	0	1	1	1	0	0	1	1	0	0
0	0	0	1	1	1	0	0	1	1	1	0
0	0	0	1	1	1	0	1	0	0	0	0
0	0	0	1	1	1	0	1	0	0	1	0
0	0	0	1	1	1	0	1	0	1	0	0
0	0	0	1	1	1	0	1	0	1	1	0
0	0	0	1	1	1	0	1	1	0	0	0
0	0	0	1	1	1	0	1	1	0	1	0
0	0	0	1	1	1	0	1	1	1	0	0
0	0	0	1	1	1	0	1	1	1	1	0
0	0	0	1	1	1	1	0	0	0	0	0
0	0	0	1	1	1	1	0	0	0	1	0
0	0	0	1	1	1	1	0	0	1	0	0
0	0	0	1	1	1	1	0	0	1	1	0
0	0	0	1	1	1	1	0	1	0	0	0
0	0	0	1	1	1	1	0	1	0	1	0
0	0	0	1	1	1	1	0	1	1	0	0
0	0	0	1	1	1	1	0	1	1	1	0
0	0	0	1	1	1	1	1	0	0	0	0
0	0	0	1	1	1	1	1	0	0	1	0
0	0	0	1	1	1	1	1	0	1	0	0
0	0	0	1	1	1	1	1	0	1	1	0
0	0	0	1	1	1	1	1	1	0	0	0
0	0	0	1	1	1	1	1	1	0	1	0
0	0	0	1	1	1	1	1	1	1	0	0
0	0	0	1	1	1	1	1	1	1	1	0
0	0	1	0	0	0	0	0	0	0	0	0
0	0	1	0	0	0	0	0	0	0	1	0
0	0	1	0	0	0	0	0	0	1	0	0
0	0	1	0	0	0	0	0	0	1	1	0
0	0	1	0	0	0	0	0	1	0	0	0
0	0	1	0	0	0	0	0	1	0	1	0
0	0	1	0	0	0	0	0	1	1	0	0
0	0	1	0	0	0	0	0	1	1	1	0
0	0	1	0	0	0	0	1	0	0	0	0
0	0	1	0	0	0	0	1	0	0	1	0
0	0	1	0	0	0	0	1	0	1	0	0
0	0	1	0	0	0	0	1	0	1	1	0
0	0	1	0	0	0	0	1	1	0	0	0
0	0	1	0	0	0	0	1	1	0	1	0
0	0	1	0	0	0	0	1	1	1	0	0
0	0	1	0	0	0	0	1	1	1	1	0
0	0	1	0	0	0	1	0	0	0	0	0
0	0	1	0	0	0	1	0	0	0	1	0
0	0	1	0	0	0	1	0	0	1	0	0
0	0	1	0	0	0	1	0	0	1	1	0
0	0	1	0	0	0	1	0	1	0	0	0
0	0	1	0	0	0	1	0	1	0	1	0
0	0	1	0	0	0	1	0	1	1	0	0
0	0	1	0	0	0	1	0	1	1	1	0
0	0	1	0	0	0	1	1	0	0	0	0
0	0	1	0	0	0	1	1	0	0	1	0
0	0	1	0	0	0	1	1	0	1	0	0
0	0	1	0	0	0	1	1	0	1	1	0
0	0	1	0	0	0	1	1	1	0	0	0
0	0	1	0	0	0	1	1	1	0	1	0
0	0	1	0	0	0	1	1	1	1	0	0
0	0	1	0	0	0	1	1	1	1	1	0
0	0	1	0	0	1	0	0	0	0	0	0
0	0	1	0	0	1	0	0	0	0	1	0
0	0	1	0	0	1	0	0	0	1	0	0
0	0	1	0	0	1	0	0	0	1	1	0
0	0	1	0	0	1	0	0	1	0	0	0
0	0	1	0	0	1	0	0	1	0	1	0
0	0	1	0	0	1	0	0	1	1	0	0
0	0	1	0	0	1	0	0	1	1	1	0
0	0	1	0	0	1	0	1	0	0	0	0
0	0	1	0	0	1	0	1	0	0	1	0
0	0	1	0	0	1	0	1	0	1	0	0
0	0	1	0	0	1	0	1	0	1	1	0
0	0	1	0	0	1	0	1	1	0	0	0
0	0	1	0	0	1	0	1	1	0	1	0
0	0	1	0	0	1	0	1	1	1	0	0
0	0	1	0	0	1	0	1	1	1	1	0
0	0	1	0	0	1	1	0	0	0	0	0
0	0	1	0	0	1	1	0	0	0	1	0
0	0	1	0	0	1	1	0	0	1	0	0
0	0	1	0	0	1	1	0	0	1	1	0
0	0	1	0	0	1	1	0	1	0	0	0
0	0	1	0	0	1	1	0	1	0	1	0
0	0	1	0	0	1	1	0	1	1	0	0
0	0	1	0	0	1	1	0	1	1	1	0
0	0	1	0	0	1	1	1	0	0	0	0
0	0	1	0	0	1	1	1	0	0	1	0
0	0	1	0	0	1	1	1	0	1	0	0
0	0	1	0	0	1	1	1	0	1	1	0
0	0	1	0	0	1	1	1	1	0	0	0
0	0	1	0	0	1	1	1	1	0	1	0
0	0	1	0	0	1	1	1	1	1	0	0
0	0	1	0	0	1	1	1	1	1	1	0
0	0	1	0	1	0	0	0	0	0	0	0
0	0	1	0	1	0	0	0	0	0	1	0
0	0	1	0	1	0	0	0	0	1	0	0
0	0	1	0	1	0	0	0	0	1	1	0
0	0	1	0	1	0	0	0	1	0	0	0
0	0	1	0	1	0	0	0	1	0	1	0
0	0	1	0	1	0	0	0	1	1	0	0
0	0	1	0	1	0	0	0	1	1	1	0
0	0	1	0	1	0	0	1	0	0	0	0
0	0	1	0	1	0	0	1	0	0	1	0
0	0	1	0	1	0	0	1	0	1	0	0
0	0	1	0	1	0	0	1	0	1	1	0
0	0	1	0	1	0	0	1	1	0	0	0
0	0	1	0	1	0	0	1	1	0	1	0
0	0	1	0	1	0	0	1	1	1	0	0
0	0	1	0	1	0	0	1	1	1	1	0
0	0	1	0	1	0	1	0	0	0	0	0
0	0	1	0	1	0	1	0	0	0	1	0
0	0	1	0	1	0	1	0	0	1	0	0
0	0	1	0	1	0	1	0	0	1	1	0
0	0	1	0	1	0	1	0	1	0	0	0
0	0	1	0	1	0	1	0	1	0	1	0
0	0	1	0	1	0	1	0	1	1	0	0
0	0	1	0	1	0	1	0	1	1	1	0
0	0	1	0	1	0	1	1	0	0	0	0
0	0	1	0	1	0	1	1	0	0	1	0
0	0	1	0	1	0	1	1	0	1	0	0
0	0	1	0	1	0	1	1	0	1	1	0
0	0	1	0	1	0	1	1	1	0	0	0
0	0	1	0	1	0	1	1	1	0	1	0
0	0	1	0	1	0	1	1	1	1	0	0
0	0	1	0	1	0	1	1	1	1	1	0
0	0	1	0	1	1	0	0	0	0	0	0
0	0	1	0	1	1	0	0	0	0	1	0
0	0	1	0	1	1	0	0	0	1	0	0
0	0	1	0	1	1	0	0	0	1	1	0
0	0	1	0	1	1	0	0	1	0	0	0
0	0	1	0	1	1	0	0	1	0	1	0
0	0	1	0	1	1	0	0	1	1	0	0
0	0	1	0	1	1	0	0	1	1	1	0
0	0	1	0	1	1	0	1	0	0	0	0
0	0	1	0	1	1	0	1	0	0	1	0
0	0	1	0	1	1	0	1	0	1	0	0
0	0	1	0	1	1	0	1	0	1	1	0
0	0	1	0	1	1	0	1	1	0	0	0
0	0	1	0	1	1	0	1	1	0	1	0
0	0	1	0	1	1	0	1	1	1	0	0
0	0	1	0	1	1	0	1	1	1	1	0
0	0	1	0	1	1	1	0	0	0	0	0
0	0	1	0	1	1	1	0	0	0	1	0
0	0	1	0	1	1	1	0	0	1	0	0
0	0	1	0	1	1	1	0	0	1	1	0
0	0	1	0	1	1	1	0	1	0	0	0
0	0	1	0	1	1	1	0	1	0	1	0
0	0	1	0	1	1	1	0	1	1	0	0
0	0	1	0	1	1	1	0	1	1	1	0
0	0	1	0	1	1	1	1	0	0	0	0
0	0	1	0	1	1	1	1	0	0	1	0
0	0	1	0	1	1	1	1	0	1	0	0
0	0	1	0	1	1	1	1	0	1	1	0
0	0	1	0	1	1	1	1	1	0	0	0
0	0	1	0	1	1	1	1	1	0	1	0
0	0	1	0	1	1	1	1	1	1	0	0
0	0	1	0	1	1	1	1	1	1	1	0
0	0	1	1	0	0	0	0	0	0	0	0
0	0	1	1	0	0	0	0	0	0	1	0
0	0	1	1	0	0	0	0	0	1	0	0
0	0	1	1	0	0	0	0	0	1	1	0
0	0	1	1	0	0	0	0	1	0	0	0
0	0	1	1	0	0	0	0	1	0	1	0
0	0	1	1	0	0	0	0	1	1	0	0
0	0	1	1	0	0	0	0	1	1	1	0
0	0	1	1	0	0	0	1	0	0	0	0
0	0	1	1	0	0	0	1	0	0	1	0
0	0	1	1	0	0	0	1	0	1	0	0
0	0	1	1	0	0	0	1	0	1	1	0
0	0	1	1	0	0	0	1	1	0	0	0
0	0	1	1	0	0	0	1	1	0	1	0
0	0	1	1	0	0	0	1	1	1	0	0
0	0	1	1	0	0	0	1	1	1	1	0
0	0	1	1	0	0	1	0	0	0	0	0
0	0	1	1	0	0	1	0	0	0	1	0
0	0	1	1	0	0	1	0	0	1	0	0
0	0	1	1	0	0	1	0	0	1	1	0
0	0	1	1	0	0	1	0	1	0	0	0
0	0	1	1	0	0	1	0	1	0	1	0
0	0	1	1	0	0	1	0	1	1	0	0
0	0	1	1	0	0	1	0	1	1	1	0
0	0	1	1	0	0	1	1	0	0	0	0
0	0	1	1	0	0	1	1	0	0	1	0
0	0	1	1	0	0	1	1	0	1	0	0
0	0	1	1	0	0	1	1	0	1	1	0
0	0	1	1	0	0	1	1	1	0	0	0
0	0	1	1	0	0	1	1	1	0	1	0
0	0	1	1	0	0	1	1	1	1	0	0
0	0	1	1	0	0	1	1	1	1	1	0
0	0	1	1	0	1	0	0	0	0	0	0
0	0	1	1	0	1	0	0	0	0	1	0
0	0	1	1	0	1	0	0	0	1	0	0
0	0	1	1	0	1	0	0	0	1	1	0
0	0	1	1	0	1	0	0	1	0	0	0
0	0	1	1	0	1	0	0	1	0	1	0
0	0	1	1	0	1	0	0	1	1	0	0
0	0	1	1	0	1	0	0	1	1	1	0
0	0	1	1	0	1	0	1	0	0	0	0
0	0	1	1	0	1	0	1	0	0	1	0
0	0	1	1	0	1	0	1	0	1	0	0
0	0	1	1	0	1	0	1	0	1	1	0
0	0	1	1	0	1	0	1	1	0	0	0
0	0	1	1	0	1	0	1	1	0	1	0
0	0	1	1	0	1	0	1	1	1	0	0
0	0	1	1	0	1	0	1	1	1	1	0
0	0	1	1	0	1	1	0	0	0	0	0
0	0	1	1	0	1	1	0	0	0	1	0
0	0	1	1	0	1	1	0	0	1	0	0
0	0	1	1	0	1	1	0	0	1	1	0
0	0	1	1	0	1	1	0	1	0	0	0
0	0	1	1	0	1	1	0	1	0	1	0
0	0	1	1	0	1	1	0	1	1	0	0
0	0	1	1	0	1	1	0	1	1	1	0
0	0	1	1	0	1	1	1	0	0	0	0
0	0	1	1	0	1	1	1	0	0	1	0
0	0	1	1	0	1	1	1	0	1	0	0
0	0	1	1	0	1	1	1	0	1	1	0
0	0	1	1	0	1	1	1	1	0	0	0
0	0	1	1	0	1	1	1	1	0	1	0
0	0	1	1	0	1	1	1	1	1	0	0
0	0	1	1	0	1	1	1	1	1	1	0
0	0	1	1	1	0	0	0	0	0	0	0
0	0	1	1	1	0	0	0	0	0	1	0
0	0	1	1	1	0	0	0	0	1	0	0
0	0	1	1	1	0	0	0	0	1	1	0
0	0	1	1	1	0	0	0	1	0	0	0
0	0	1	1	1	0	0	0	1	0	1	0
0	0	1	1	1	0	0	0	1	1	0	0
0	0	1	1	1	0	0	0	1	1	1	0
0	0	1	1	1	0	0	1	0	0	0	0
0	0	1	1	1	0	0	1	0	0	1	0
0	0	1	1	1	0	0	1	0	1	0	0
0	0	1	1	1	0	0	1	0	1	1	0
0	0	1	1	1	0	0	1	1	0	0	0
0	0	1	1	1	0	0	1	1	0	1	0
0	0	1	1	1	0	0	1	1	1	0	0
0	0	1	1	1	0	0	1	1	1	1	0
0	0	1	1	1	0	1	0	0	0	0	0
0	0	1	1	1	0	1	0	0	0	1	0
0	0	1	1	1	0	1	0	0	1	0	0
0	0	1	1	1	0	1	0	0	1	1	0
0	0	1	1	1	0	1	0	1	0	0	0
0	0	1	1	1	0	1	0	1	0	1	0
0	0	1	1	1	0	1	0	1	1	0	0
0	0	1	1	1	0	1	0	1	1	1	0
0	0	1	1	1	0	1	1	0	0	0	0
0	0	1	1	1	0	1	1	0	0	1	0
0	0	1	1	1	0	1	1	0	1	0	0
0	0	1	1	1	0	1	1	0	1	1	0
0	0	1	1	1	0	1	1	1	0	0	0
0	0	1	1	1	0	1	1	1	0	1	0
0	0	1	1	1	0	1	1	1	1	0	0
0	0	1	1	1	0	1	1	1	1	1	0
0	0	1	1	1	1	0	0	0	0	0	0
0	0	1	1	1	1	0	0	0	0	1	0
0	0	1	1	1	1	0	0	0	1	0	0
0	0	1	1	1	1	0	0	0	1	1	0
0	0	1	1	1	1	0	0	1	0	0	0
0	0	1	1	1	1	0	0	1	0	1	0
0	0	1	1	1	1	0	0	1	1	0	0
0	0	1	1	1	1	0	0	1	1	1	0
0	0	1	1	1	1	0	1	0	0	0	0
0	0	1	1	1	1	0	1	0	0	1	0
0	0	1	1	1	1	0	1	0	1	0	0
0	0	1	1	1	1	0	1	0	1	1	0
0	0	1	1	1	1	0	1	1	0	0	0
0	0	1	1	1	1	0	1	1	0	1	0
0	0	1	1	1	1	0	1	1	1	0	0
0	0	1	1	1	1	0	1	1	1	1	0
0	0	1	1	1	1	1	0	0	0	0	0
0	0	1	1	1	1	1	0	0	0	1	0
0	0	1	1	1	1	1	0	0	1	0	0
0	0	1	1	1	1	1	0	0	1	1	0
0	0	1	1	1	1	1	0	1	0	0	0
0	0	1	1	1	1	1	0	1	0	1	0
0	0	1	1	1	1	1	0	1	1	0	0
0	0	1	1	1	1	1	0	1	1	1	0
0	0	1	1	1	1	1	1	0	0	0	0
0	0	1	1	1	1	1	1	0	0	1	0
0	0	1	1	1	1	1	1	0	1	0	0
0	0	1	1	1	1	1	1	0	1	1	0
0	0	1	1	1	1	1	1	1	0	0	0
0	0	1	1	1	1	1	1	1	0	1	0
0	0	1	1	1	1	1	1	1	1	0	0
0	0	1	1	1	1	1	1	1	1	1	0
0	1	0	0	0	0	0	0	0	0	0	0
0	1	0	0	0	0	0	0	0	0	1	0
0	1	0	0	0	0	0	0	0	1	0	0
0	1	0	0	0	0	0	0	0	1	1	0
0	1	0	0	0	0	0	0	1	0	0	0
0	1	0	0	0	0	0	0	1	0	1	0
0	1	0	0	0	0	0	0	1	1	0	0
0	1	0	0	0	0	0	0	1	1	1	0
0	1	0	0	0	0	0	1	0	0	0	0
0	1	0	0	0	0	0	1	0	0	1	0
0	1	0	0	0	0	0	1	0	1	0	0
0	1	0	0	0	0	0	1	0	1	1	0
0	1	0	0	0	0	0	1	1	0	0	0
0	1	0	0	0	0	0	1	1	0	1	0
0	1	0	0	0	0	0	1	1	1	0	0
0	1	0	0	0	0	0	1	1	1	1	0
0	1	0	0	0	0	1	0	0	0	0	0
0	1	0	0	0	0	1	0	0	0	1	0
0	1	0	0	0	0	1	0	0	1	0	0
0	1	0	0	0	0	1	0	0	1	1	0
0	1	0	0	0	0	1	0	1	0	0	0
0	1	0	0	0	0	1	0	1	0	1	0
0	1	0	0	0	0	1	0	1	1	0	0
0	1	0	0	0	0	1	0	1	1	1	0
0	1	0	0	0	0	1	1	0	0	0	0
0	1	0	0	0	0	1	1	0	0	1	0
0	1	0	0	0	0	1	1	0	1	0	0
0	1	0	0	0	0	1	1	0	1	1	0
0	1	0	0	0	0	1	1	1	0	0	0
0	1	0	0	0	0	1	1	1	0	1	0
0	1	0	0	0	0	1	1	1	1	0	0
0	1	0	0	0	0	1	1	1	1	1	0
0	1	0	0	0	1	0	0	0	0	0	0
0	1	0	0	0	1	0	0	0	0	1	0
0	1	0	0	0	1	0	0	0	1	0	0
0	1	0	0	0	1	0	0	0	1	1	0
0	1	0	0	0	1	0	0	1	0	0	0
0	1	0	0	0	1	0	0	1	0	1	0
0	1	0	0	0	1	0	0	1	1	0	0
0	1	0	0	0	1	0	0	1	1	1	0
0	1	0	0	0	1	0	1	0	0	0	0
0	1	0	0	0	1	0	1	0	0	1	0
0	1	0	0	0	1	0	1	0	1	0	0
0	1	0	0	0	1	0	1	0	1	1	0
0	1	0	0	0	1	0	1	1	0	0	0
0	1	0	0	0	1	0	1	1	0	1	0
0	1	0	0	0	1	0	1	1	1	0	0
0	1	0	0	0	1	0	1	1	1	1	0
0	1	0	0	0	1	1	0	0	0	0	0
0	1	0	0	0	1	1	0	0	0	1	0
0	1	0	0	0	1	1	0	0	1	0	0
0	1	0	0	0	1	1	0	0	1	1	0
0	1	0	0	0	1	1	0	1	0	0	0
0	1	0	0	0	1	1	0	1	0	1	0
0	1	0	0	0	1	1	0	1	1	0	0
0	1	0	0	0	1	1	0	1	1	1	0
0	1	0	0	0	1	1	1	0	0	0	0
0	1	0	0	0	1	1	1	0	0	1	0
0	1	0	0	0	1	1	1	0	1	0	0
0	1	0	0	0	1	1	1	0	1	1	0
0	1	0	0	0	1	1	1	1	0	0	0
0	1	0	0	0	1	1	1	1	0	1	0
0	1	0	0	0	1	1	1	1	1	0	0
0	1	0	0	0	1	1	1	1	1	1	0
0	1	0	0	1	0	0	0	0	0	0	0
0	1	0	0	1	0	0	0	0	0	1	0
0	1	0	0	1	0	0	0	0	1	0	0
0	1	0	0	1	0	0	0	0	1	1	0
0	1	0	0	1	0	0	0	1	0	0	0
0	1	0	0	1	0	0	0	1	0	1	0
0	1	0	0	1	0	0	0	1	1	0	0
0	1	0	0	1	0	0	0	1	1	1	0
0	1	0	0	1	0	0	1	0	0	0	0
0	1	0	0	1	0	0	1	0	0	1	0
0	1	0	0	1	0	0	1	0	1	0	0
0	1	0	0	1	0	0	1	0	1	1	0
0	1	0	0	1	0	0	1	1	0	0	0
0	1	0	0	1	0	0	1	1	0	1	0
0	1	0	0	1	0	0	1	1	1	0	0
0	1	0	0	1	0	0	1	1	1	1	0
0	1	0	0	1	0	1	0	0	0	0	0
0	1	0	0	1	0	1	0	0	0	1	0
0	1	0	0	1	0	1	0	0	1	0	0
0	1	0	0	1	0	1	0	0	1	1	0
0	1	0	0	1	0	1	0	1	0	0	0
0	1	0	0	1	0	1	0	1	0	1	0
0	1	0	0	1	0	1	0	1	1	0	0
0	1	0	0	1	0	1	0	1	1	1	0
0	1	0	0	1	0	1	1	0	0	0	0
0	1	0	0	1	0	1	1	0	0	1	0
0	1	0	0	1	0	1	1	0	1	0	0
0	1	0	0	1	0	1	1	0	1	1	0
0	1	0	0	1	0	1	1	1	0	0	0
0	1	0	0	1	0	1	1	1	0	1	0
0	1	0	0	1	0	1	1	1	1	0	0
0	1	0	0	1	0	1	1	1	1	1	0
0	1	0	0	1	1	0	0	0	0	0	0
0	1	0	0	1	1	0	0	0	0	1	0
0	1	0	0	1	1	0	0	0	1	0	0
0	1	0	0	1	1	0	0	0	1	1	0
0	1	0	0	1	1	0	0	1	0	0	0
0	1	0	0	1	1	0	0	1	0	1	0
0	1	0	0	1	1	0	0	1	1	0	0
0	1	0	0	1	1	0	0	1	1	1	0
0	1	0	0	1	1	0	1	0	0	0	0
0	1	0	0	1	1	0	1	0	0	1	0
0	1	0	0	1	1	0	1	0	1	0	0
0	1	0	0	1	1	0	1	0	1	1	0
0	1	0	0	1	1	0	1	1	0	0	0
0	1	0	0	1	1	0	1	1	0	1	0
0	1	0	0	1	1	0	1	1	1	0	0
0	1	0	0	1	1	0	1	1	1	1	0
0	1	0	0	1	1	1	0	0	0	0	0
0	1	0	0	1	1	1	0	0	0	1	0
0	1	0	0	1	1	1	0	0	1	0	0
0	1	0	0	1	1	1	0	0	1	1	0
0	1	0	0	1	1	1	0	1	0	0	0
0	1	0	0	1	1	1	0	1	0	1	0
0	1	0	0	1	1	1	0	1	1	0	0
0	1	0	0	1	1	1	0	1	1	1	0
0	1	0	0	1	1	1	1	0	0	0	0
0	1	0	0	1	1	1	1	0	0	1	0
0	1	0	0	1	1	1	1	0	1	0	0
0	1	0	0	1	1	1	1	0	1	1	0
0	1	0	0	1	1	1	1	1	0	0	0
0	1	0	0	1	1	1	1	1	0	1	0
0	1	0	0	1	1	1	1	1	1	0	0
0	1	0	0	1	1	1	1	1	1	1	0
0	1	0	1	0	0	0	0	0	0	0	0
0	1	0	1	0	0	0	0	0	0	1	0
0	1	0	1	0	0	0	0	0	1	0	0
0	1	0	1	0	0	0	0	0	1	1	0
0	1	0	1	0	0	0	0	1	0	0	0
0	1	0	1	0	0	0	0	1	0	1	0
0	1	0	1	0	0	0	0	1	1	0	0
0	1	0	1	0	0	0	0	1	1	1	0
0	1	0	1	0	0	0	1	0	0	0	0
0	1	0	1	0	0	0	1	0	0	1	0
0	1	0	1	0	0	0	1	0	1	0	0
0	1	0	1	0	0	0	1	0	1	1	0
0	1	0	1	0	0	0	1	1	0	0	0
0	1	0	1	0	0	0	1	1	0	1	0
0	1	0	1	0	0	0	1	1	1	0	0
0	1	0	1	0	0	0	1	1	1	1	0
0	1	0	1	0	0	1	0	0	0	0	0
0	1	0	1	0	0	1	0	0	0	1	0
0	1	0	1	0	0	1	0	0	1	0	0
0	1	0	1	0	0	1	0	0	1	1	0
0	1	0	1	0	0	1	0	1	0	0	0
0	1	0	1	0	0	1	0	1	0	1	0
0	1	0	1	0	0	1	0	1	1	0	0
0	1	0	1	0	0	1	0	1	1	1	0
0	1	0	1	0	0	1	1	0	0	0	0
0	1	0	1	0	0	1	1	0	0	1	0
0	1	0	1	0	0	1	1	0	1	0	0
0	1	0	1	0	0	1	1	0	1	1	0
0	1	0	1	0	0	1	1	1	0	0	0
0	1	0	1	0	0	1	1	1	0	1	0
0	1	0	1	0	0	1	1	1	1	0	0
0	1	0	1	0	0	1	1	1	1	1	0
0	1	0	1	0	1	0	0	0	0	0	0
0	1	0	1	0	1	0	0	0	0	1	0
0	1	0	1	0	1	0	0	0	1	0	0
0	1	0	1	0	1	0	0	0	1	1	0
0	1	0	1	0	1	0	0	1	0	0	0
0	1	0	1	0	1	0	0	1	0	1	0
0	1	0	1	0	1	0	0	1	1	0	0
0	1	0	1	0	1	0	0	1	1	1	0
0	1	0	1	0	1	0	1	0	0	0	0
0	1	0	1	0	1	0	1	0	0	1	0
0	1	0	1	0	1	0	1	0	1	0	0
0	1	0	1	0	1	0	1	0	1	1	0
0	1	0	1	0	1	0	1	1	0	0	0
0	1	0	1	0	1	0	1	1	0	1	0
0	1	0	1	0	1	0	1	1	1	0	0
0	1	0	1	0	1	0	1	1	1	1	0
0	1	0	1	0	1	1	0	0	0	0	0
0	1	0	1	0	1	1	0	0	0	1	0
0	1	0	1	0	1	1	0	0	1	0	0
0	1	0	1	0	1	1	0	0	1	1	0
0	1	0	1	0	1	1	0	1	0	0	0
0	1	0	1	0	1	1	0	1	0	1	0
0	1	0	1	0	1	1	0	1	1	0	0
0	1	0	1	0	1	1	0	1	1	1	0
0	1	0	1	0	1	1	1	0	0	0	0
0	1	0	1	0	1	1	1	0	0	1	0
0	1	0	1	0	1	1	1	0	1	0	0
0	1	0	1	0	1	1	1	0	1	1	0
0	1	0	1	0	1	1	1	1	0	0	0
0	1	0	1	0	1	1	1	1	0	1	0
0	1	0	1	0	1	1	1	1	1	0	0
0	1	0	1	0	1	1	1	1	1	1	0
0	1	0	1	1	0	0	0	0	0	0	0
0	1	0	1	1	0	0	0	0	0	1	0
0	1	0	1	1	0	0	0	0	1	0	0
0	1	0	1	1	0	0	0	0	1	1	0
0	1	0	1	1	0	0	0	1	0	0	0
0	1	0	1	1	0	0	0	1	0	1	0
0	1	0	1	1	0	0	0	1	1	0	0
0	1	0	1	1	0	0	0	1	1	1	0
0	1	0	1	1	0	0	1	0	0	0	0
0	1	0	1	1	0	0	1	0	0	1	0
0	1	0	1	1	0	0	1	0	1	0	0
0	1	0	1	1	0	0	1	0	1	1	0
0	1	0	1	1	0	0	1	1	0	0	0
0	1	0	1	1	0	0	1	1	0	1	0
0	1	0	1	1	0	0	1	1	1	0	0
0	1	0	1	1	0	0	1	1	1	1	0
0	1	0	1	1	0	1	0	0	0	0	0
0	1	0	1	1	0	1	0	0	0	1	0
0	1	0	1	1	0	1	0	0	1	0	0
0	1	0	1	1	0	1	0	0	1	1	0
0	1	0	1	1	0	1	0	1	0	0	0
0	1	0	1	1	0	1	0	1	0	1	0
0	1	0	1	1	0	1	0	1	1	0	0
0	1	0	1	1	0	1	0	1	1	1	0
0	1	0	1	1	0	1	1	0	0	0	0
0	1	0	1	1	0	1	1	0	0	1	0
0	1	0	1	1	0	1	1	0	1	0	0
0	1	0	1	1	0	1	1	0	1	1	0
0	1	0	1	1	0	1	1	1	0	0	0
0	1	0	1	1	0	1	1	1	0	1	0
0	1	0	1	1	0	1	1	1	1	0	0
0	1	0	1	1	0	1	1	1	1	1	0
0	1	0	1	1	1	0	0	0	0	0	0
0	1	0	1	1	1	0	0	0	0	1	0
0	1	0	1	1	1	0	0	0	1	0	0
0	1	0	1	1	1	0	0	0	1	1	0
0	1	0	1	1	1	0	0	1	0	0	0
0	1	0	1	1	1	0	0	1	0	1	0
0	1	0	1	1	1	0	0	1	1	0	0
0	1	0	1	1	1	0	0	1	1	1	0
0	1	0	1	1	1	0	1	0	0	0	0
0	1	0	1	1	1	0	1	0	0	1	0
0	1	0	1	1	1	0	1	0	1	0	0
0	1	0	1	1	1	0	1	0	1	1	0
0	1	0	1	1	1	0	1	1	0	0	0
0	1	0	1	1	1	0	1	1	0	1	0
0	1	0	1	1	1	0	1	1	1	0	0
0	1	0	1	1	1	0	1	1	1	1	0
0	1	0	1	1	1	1	0	0	0	0	0
0	1	0	1	1	1	1	0	0	0	1	0
0	1	0	1	1	1	1	0	0	1	0	0
0	1	0	1	1	1	1	0	0	1	1	0
0	1	0	1	1	1	1	0	1	0	0	0
0	1	0	1	1	1	1	0	1	0	1	0
0	1	0	1	1	1	1	0	1	1	0	0
0	1	0	1	1	1	1	0	1	1	1	0
0	1	0	1	1	1	1	1	0	0	0	0
0	1	0	1	1	1	1	1	0	0	1	0
0	1	0	1	1	1	1	1	0	1	0	0
0	1	0	1	1	1	1	1	0	1	1	0
0	1	0	1	1	1	1	1	1	0	0	0
0	1	0	1	1	1	1	1	1	0	1	0
0	1	0	1	1	1	1	1	1	1	0	0
0	1	0	1	1	1	1	1	1	1	1	0
0	1	1	0	0	0	0	0	0	0	0	0
0	1	1	0	0	0	0	0	0	0	1	0
0	1	1	0	0	0	0	0	0	1	0	0
0	1	1	0	0	0	0	0	0	1	1	0
0	1	1	0	0	0	0	0	1	0	0	0
0	1	1	0	0	0	0	0	1	0	1	0
0	1	1	0	0	0	0	0	1	1	0	0
0	1	1	0	0	0	0	0	1	1	1	0
0	1	1	0	0	0	0	1	0	0	0	0
0	1	1	0	0	0	0	1	0	0	1	0
0	1	1	0	0	0	0	1	0	1	0	0
0	1	1	0	0	0	0	1	0	1	1	0
0	1	1	0	0	0	0	1	1	0	0	0
0	1	1	0	0	0	0	1	1	0	1	0
0	1	1	0	0	0	0	1	1	1	0	0
0	1	1	0	0	0	0	1	1	1	1	0
0	1	1	0	0	0	1	0	0	0	0	0
0	1	1	0	0	0	1	0	0	0	1	0
0	1	1	0	0	0	1	0	0	1	0	0
0	1	1	0	0	0	1	0	0	1	1	0
0	1	1	0	0	0	1	0	1	0	0	0
0	1	1	0	0	0	1	0	1	0	1	0
0	1	1	0	0	0	1	0	1	1	0	0
0	1	1	0	0	0	1	0	1	1	1	0
0	1	1	0	0	0	1	1	0	0	0	0
0	1	1	0	0	0	1	1	0	0	1	0
0	1	1	0	0	0	1	1	0	1	0	0
0	1	1	0	0	0	1	1	0	1	1	0
0	1	1	0	0	0	1	1	1	0	0	0
0	1	1	0	0	0	1	1	1	0	1	0
0	1	1	0	0	0	1	1	1	1	0	0
0	1	1	0	0	0	1	1	1	1	1	0
0	1	1	0	0	1	0	0	0	0	0	0
0	1	1	0	0	1	0	0	0	0	1	0
0	1	1	0	0	1	0	0	0	1	0	0
0	1	1	0	0	1	0	0	0	1	1	0
0	1	1	0	0	1	0	0	1	0	0	0
0	1	1	0	0	1	0	0	1	0	1	0
0	1	1	0	0	1	0	0	1	1	0	0
0	1	1	0	0	1	0	0	1	1	1	0
0	1	1	0	0	1	0	1	0	0	0	0
0	1	1	0	0	1	0	1	0	0	1	0
0	1	1	0	0	1	0	1	0	1	0	0
0	1	1	0	0	1	0	1	0	1	1	0
0	1	1	0	0	1	0	1	1	0	0	0
0	1	1	0	0	1	0	1	1	0	1	0
0	1	1	0	0	1	0	1	1	1	0	0
0	1	1	0	0	1	0	1	1	1	1	0
0	1	1	0	0	1	1	0	0	0	0	0
0	1	1	0	0	1	1	0	0	0	1	0
0	1	1	0	0	1	1	0	0	1	0	0
0	1	1	0	0	1	1	0	0	1	1	0
0	1	1	0	0	1	1	0	1	0	0	0
0	1	1	0	0	1	1	0	1	0	1	0
0	1	1	0	0	1	1	0	1	1	0	0
0	1	1	0	0	1	1	0	1	1	1	0
0	1	1	0	0	1	1	1	0	0	0	0
0	1	1	0	0	1	1	1	0	0	1	0
0	1	1	0	0	1	1	1	0	1	0	0
0	1	1	0	0	1	1	1	0	1	1	0
0	1	1	0	0	1	1	1	1	0	0	0
0	1	1	0	0	1	1	1	1	0	1	0
0	1	1	0	0	1	1	1	1	1	0	0
0	1	1	0	0	1	1	1	1	1	1	0
0	1	1	0	1	0	0	0	0	0	0	0
0	1	1	0	1	0	0	0	0	0	1	0
0	1	1	0	1	0	0	0	0	1	0	0
0	1	1	0	1	0	0	0	0	1	1	0
0	1	1	0	1	0	0	0	1	0	0	0
0	1	1	0	1	0	0	0	1	0	1	0
0	1	1	0	1	0	0	0	1	1	0	0
0	1	1	0	1	0	0	0	1	1	1	0
0	1	1	0	1	0	0	1	0	0	0	0
0	1	1	0	1	0	0	1	0	0	1	0
0	1	1	0	1	0	0	1	0	1	0	0
0	1	1	0	1	0	0	1	0	1	1	0
0	1	1	0	1	0	0	1	1	0	0	0
0	1	1	0	1	0	0	1	1	0	1	0
0	1	1	0	1	0	0	1	1	1	0	0
0	1	1	0	1	0	0	1	1	1	1	0
0	1	1	0	1	0	1	0	0	0	0	0
0	1	1	0	1	0	1	0	0	0	1	0
0	1	1	0	1	0	1	0	0	1	0	0
0	1	1	0	1	0	1	0	0	1	1	0
0	1	1	0	1	0	1	0	1	0	0	0
0	1	1	0	1	0	1	0	1	0	1	0
0	1	1	0	1	0	1	0	1	1	0	0
0	1	1	0	1	0	1	0	1	1	1	0
0	1	1	0	1	0	1	1	0	0	0	0
0	1	1	0	1	0	1	1	0	0	1	0
0	1	1	0	1	0	1	1	0	1	0	0
0	1	1	0	1	0	1	1	0	1	1	0
0	1	1	0	1	0	1	1	1	0	0	0
0	1	1	0	1	0	1	1	1	0	1	0
0	1	1	0	1	0	1	1	1	1	0	0
0	1	1	0	1	0	1	1	1	1	1	0
0	1	1	0	1	1	0	0	0	0	0	0
0	1	1	0	1	1	0	0	0	0	1	0
0	1	1	0	1	1	0	0	0	1	0	0
0	1	1	0	1	1	0	0	0	1	1	0
0	1	1	0	1	1	0	0	1	0	0	0
0	1	1	0	1	1	0	0	1	0	1	0
0	1	1	0	1	1	0	0	1	1	0	0
0	1	1	0	1	1	0	0	1	1	1	0
0	1	1	0	1	1	0	1	0	0	0	0
0	1	1	0	1	1	0	1	0	0	1	0
0	1	1	0	1	1	0	1	0	1	0	0
0	1	1	0	1	1	0	1	0	1	1	0
0	1	1	0	1	1	0	1	1	0	0	0
0	1	1	0	1	1	0	1	1	0	1	0
0	1	1	0	1	1	0	1	1	1	0	0
0	1	1	0	1	1	0	1	1	1	1	0
0	1	1	0	1	1	1	0	0	0	0	0
0	1	1	0	1	1	1	0	0	0	1	0
0	1	1	0	1	1	1	0	0	1	0	0
0	1	1	0	1	1	1	0	0	1	1	0
0	1	1	0	1	1	1	0	1	0	0	0
0	1	1	0	1	1	1	0	1	0	1	0
0	1	1	0	1	1	1	0	1	1	0	0
0	1	1	0	1	1	1	0	1	1	1	0
0	1	1	0	1	1	1	1	0	0	0	0
0	1	1	0	1	1	1	1	0	0	1	0
0	1	1	0	1	1	1	1	0	1	0	0
0	1	1	0	1	1	1	1	0	1	1	0
0	1	1	0	1	1	1	1	1	0	0	0
0	1	1	0	1	1	1	1	1	0	1	0
0	1	1	0	1	1	1	1	1	1	0	0
0	1	1	0	1	1	1	1	1	1	1	0
0	1	1	1	0	0	0	0	0	0	0	0
0	1	1	1	0	0	0	0	0	0	1	0
0	1	1	1	0	0	0	0	0	1	0	0
0	1	1	1	0	0	0	0	0	1	1	0
0	1	1	1	0	0	0	0	1	0	0	0
0	1	1	1	0	0	0	0	1	0	1	0
0	1	1	1	0	0	0	0	1	1	0	0
0	1	1	1	0	0	0	0	1	1	1	0
0	1	1	1	0	0	0	1	0	0	0	0
0	1	1	1	0	0	0	1	0	0	1	0
0	1	1	1	0	0	0	1	0	1	0	0
0	1	1	1	0	0	0	1	0	1	1	0
0	1	1	1	0	0	0	1	1	0	0	0
0	1	1	1	0	0	0	1	1	0	1	0
0	1	1	1	0	0	0	1	1	1	0	0
0	1	1	1	0	0	0	1	1	1	1	0
0	1	1	1	0	0	1	0	0	0	0	0
0	1	1	1	0	0	1	0	0	0	1	0
0	1	1	1	0	0	1	0	0	1	0	0
0	1	1	1	0	0	1	0	0	1	1	0
0	1	1	1	0	0	1	0	1	0	0	0
0	1	1	1	0	0	1	0	1	0	1	0
0	1	1	1	0	0	1	0	1	1	0	0
0	1	1	1	0	0	1	0	1	1	1	0
0	1	1	1	0	0	1	1	0	0	0	0
0	1	1	1	0	0	1	1	0	0	1	0
0	1	1	1	0	0	1	1	0	1	0	0
0	1	1	1	0	0	1	1	0	1	1	0
0	1	1	1	0	0	1	1	1	0	0	0
0	1	1	1	0	0	1	1	1	0	1	0
0	1	1	1	0	0	1	1	1	1	0	0
0	1	1	1	0	0	1	1	1	1	1	0
0	1	1	1	0	1	0	0	0	0	0	0
0	1	1	1	0	1	0	0	0	0	1	0
0	1	1	1	0	1	0	0	0	1	0	0
0	1	1	1	0	1	0	0	0	1	1	0
0	1	1	1	0	1	0	0	1	0	0	0
0	1	1	1	0	1	0	0	1	0	1	0
0	1	1	1	0	1	0	0	1	1	0	0
0	1	1	1	0	1	0	0	1	1	1	0
0	1	1	1	0	1	0	1	0	0	0	0
0	1	1	1	0	1	0	1	0	0	1	0
0	1	1	1	0	1	0	1	0	1	0	0
0	1	1	1	0	1	0	1	0	1	1	0
0	1	1	1	0	1	0	1	1	0	0	0
0	1	1	1	0	1	0	1	1	0	1	0
0	1	1	1	0	1	0	1	1	1	0	0
0	1	1	1	0	1	0	1	1	1	1	0
0	1	1	1	0	1	1	0	0	0	0	0
0	1	1	1	0	1	1	0	0	0	1	0
0	1	1	1	0	1	1	0	0	1	0	0
0	1	1	1	0	1	1	0	0	1	1	0
0	1	1	1	0	1	1	0	1	0	0	0
0	1	1	1	0	1	1	0	1	0	1	0
0	1	1	1	0	1	1	0	1	1	0	0
0	1	1	1	0	1	1	0	1	1	1	0
0	1	1	1	0	1	1	1	0	0	0	0
0	1	1	1	0	1	1	1	0	0	1	0
0	1	1	1	0	1	1	1	0	1	0	0
0	1	1	1	0	1	1	1	0	1	1	0
0	1	1	1	0	1	1	1	1	0	0	0
0	1	1	1	0	1	1	1	1	0	1	0
0	1	1	1	0	1	1	1	1	1	0	0
0	1	1	1	0	1	1	1	1	1	1	0
0	1	1	1	1	0	0	0	0	0	0	0
0	1	1	1	1	0	0	0	0	0	1	0
0	1	1	1	1	0	0	0	0	1	0	0
0	1	1	1	1	0	0	0	0	1	1	0
0	1	1	1	1	0	0	0	1	0	0	0
0	1	1	1	1	0	0	0	1	0	1	0
0	1	1	1	1	0	0	0	1	1	0	0
0	1	1	1	1	0	0	0	1	1	1	0
0	1	1	1	1	0	0	1	0	0	0	0
0	1	1	1	1	0	0	1	0	0	1	0
0	1	1	1	1	0	0	1	0	1	0	0
0	1	1	1	1	0	0	1	0	1	1	0
0	1	1	1	1	0	0	1	1	0	0	0
0	1	1	1	1	0	0	1	1	0	1	0
0	1	1	1	1	0	0	1	1	1	0	0
0	1	1	1	1	0	0	1	1	1	1	0
0	1	1	1	1	0	1	0	0	0	0	0
0	1	1	1	1	0	1	0	0	0	1	0
0	1	1	1	1	0	1	0	0	1	0	0
0	1	1	1	1	0	1	0	0	1	1	0
0	1	1	1	1	0	1	0	1	0	0	0
0	1	1	1	1	0	1	0	1	0	1	0
0	1	1	1	1	0	1	0	1	1	0	0
0	1	1	1	1	0	1	0	1	1	1	0
0	1	1	1	1	0	1	1	0	0	0	0
0	1	1	1	1	0	1	1	0	0	1	0
0	1	1	1	1	0	1	1	0	1	0	0
0	1	1	1	1	0	1	1	0	1	1	0
0	1	1	1	1	0	1	1	1	0	0	0
0	1	1	1	1	0	1	1	1	0	1	0
0	1	1	1	1	0	1	1	1	1	0	0
0	1	1	1	1	0	1	1	1	1	1	0
0	1	1	1	1	1	0	0	0	0	0	0
0	1	1	1	1	1	0	0	0	0	1	0
0	1	1	1	1	1	0	0	0	1	0	0
0	1	1	1	1	1	0	0	0	1	1	0
0	1	1	1	1	1	0	0	1	0	0	0
0	1	1	1	1	1	0	0	1	0	1	0
0	1	1	1	1	1	0	0	1	1	0	0
0	1	1	1	1	1	0	0	1	1	1	0
0	1	1	1	1	1	0	1	0	0	0	0
0	1	1	1	1	1	0	1	0	0	1	0
0	1	1	1	1	1	0	1	0	1	0	0
0	1	1	1	1	1	0	1	0	1	1	0
0	1	1	1	1	1	0	1	1	0	0	0
0	1	1	1	1	1	0	1	1	0	1	0
0	1	1	1	1	1	0	1	1	1	0	0
0	1	1	1	1	1	0	1	1	1	1	0
0	1	1	1	1	1	1	0	0	0	0	0
0	1	1	1	1	1	1	0	0	0	1	0
0	1	1	1	1	1	1	0	0	1	0	0
0	1	1	1	1	1	1	0	0	1	1	0
0	1	1	1	1	1	1	0	1	0	0	0
0	1	1	1	1	1	1	0	1	0	1	0
0	1	1	1	1	1	1	0	1	1	0	0
0	1	1	1	1	1	1	0	1	1	1	0
0	1	1	1	1	1	1	1	0	0	0	0
0	1	1	1	1	1	1	1	0	0	1	0
0	1	1	1	1	1	1	1	0	1	0	0
0	1	1	1	1	1	1	1	0	1	1	0
0	1	1	1	1	1	1	1	1	0	0	0
0	1	1	1	1	1	1	1	1	0	1	0
0	1	1	1	1	1	1	1	1	1	0	0
0	1	1	1	1	1	1	1	1	1	1	0
1	0	0	0	0	0	0	0	0	0	0	0
1	0	0	0	0	0	0	0	0	0	1	1
1	0	0	0	0	0	0	0	0	1	0	1
1	0	0	0	0	0	0	0	0	1	1	1
1	0	0	0	0	0	0	0	1	0	0	1
1	0	0	0	0	0	0	0	1	0	1	1
1	0	0	0	0	0	0	0	1	1	0	1
1	0	0	0	0	0	0	0	1	1	1	1
1	0	0	0	0	0	0	1	0	0	0	1
1	0	0	0	0	0	0	1	0	0	1	1
1	0	0	0	0	0	0	1	0	1	0	1
1	0	0	0	0	0	0	1	0	1	1	1
1	0	0	0	0	0	0	1	1	0	0	1
1	0	0	0	0	0	0	1	1	0	1	1
1	0	0	0	0	0	0	1	1	1	0	1
1	0	0	0	0	0	0	1	1	1	1	1
1	0	0	0	0	0	1	0	0	0	0	1
1	0	0	0	0	0	1	0	0	0	1	1
1	0	0	0	0	0	1	0	0	1	0	1
1	0	0	0	0	0	1	0	0	1	1	1
1	0	0	0	0	0	1	0	1	0	0	1
1	0	0	0	0	0	1	0	1	0	1	1
1	0	0	0	0	0	1	0	1	1	0	1
1	0	0	0	0	0	1	0	1	1	1	1
1	0	0	0	0	0	1	1	0	0	0	1
1	0	0	0	0	0	1	1	0	0	1	1
1	0	0	0	0	0	1	1	0	1	0	1
1	0	0	0	0	0	1	1	0	1	1	1
1	0	0	0	0	0	1	1	1	0	0	1
1	0	0	0	0	0	1	1	1	0	1	1
1	0	0	0	0	0	1	1	1	1	0	1
1	0	0	0	0	0	1	1	1	1	1	1
1	0	0	0	0	1	0	0	0	0	0	1
1	0	0	0	0	1	0	0	0	0	1	1
1	0	0	0	0	1	0	0	0	1	0	1
1	0	0	0	0	1	0	0	0	1	1	1
1	0	0	0	0	1	0	0	1	0	0	1
1	0	0	0	0	1	0	0	1	0	1	1
1	0	0	0	0	1	0	0	1	1	0	1
1	0	0	0	0	1	0	0	1	1	1	1
1	0	0	0	0	1	0	1	0	0	0	1
1	0	0	0	0	1	0	1	0	0	1	1
1	0	0	0	0	1	0	1	0	1	0	1
1	0	0	0	0	1	0	1	0	1	1	1
1	0	0	0	0	1	0	1	1	0	0	1
1	0	0	0	0	1	0	1	1	0	1	1
1	0	0	0	0	1	0	1	1	1	0	1
1	0	0	0	0	1	0	1	1	1	1	1
1	0	0	0	0	1	1	0	0	0	0	1
1	0	0	0	0	1	1	0	0	0	1	1
1	0	0	0	0	1	1	0	0	1	0	1
1	0	0	0	0	1	1	0	0	1	1	1
1	0	0	0	0	1	1	0	1	0	0	1
1	0	0	0	0	1	1	0	1	0	1	1
1	0	0	0	0	1	1	0	1	1	0	1
1	0	0	0	0	1	1	0	1	1	1	1
1	0	0	0	0	1	1	1	0	0	0	1
1	0	0	0	0	1	1	1	0	0	1	1
1	0	0	0	0	1	1	1	0	1	0	1
1	0	0	0	0	1	1	1	0	1	1	1
1	0	0	0	0	1	1	1	1	0	0	1
1	0	0	0	0	1	1	1	1	0	1	1
1	0	0	0	0	1	1	1	1	1	0	1
1	0	0	0	0	1	1	1	1	1	1	1
1	0	0	0	1	0	0	0	0	0	0	1
1	0	0	0	1	0	0	0	0	0	1	1
1	0	0	0	1	0	0	0	0	1	0	1
1	0	0	0	1	0	0	0	0	1	1	1
1	0	0	0	1	0	0	0	1	0	0	1
1	0	0	0	1	0	0	0	1	0	1	1
1	0	0	0	1	0	0	0	1	1	0	1
1	0	0	0	1	0	0	0	1	1	1	1
1	0	0	0	1	0	0	1	0	0	0	1
1	0	0	0	1	0	0	1	0	0	1	1
1	0	0	0	1	0	0	1	0	1	0	1
1	0	0	0	1	0	0	1	0	1	1	1
1	0	0	0	1	0	0	1	1	0	0	1
1	0	0	0	1	0	0	1	1	0	1	1
1	0	0	0	1	0	0	1	1	1	0	1
1	0	0	0	1	0	0	1	1	1	1	1
1	0	0	0	1	0	1	0	0	0	0	1
1	0	0	0	1	0	1	0	0	0	1	1
1	0	0	0	1	0	1	0	0	1	0	1
1	0	0	0	1	0	1	0	0	1	1	1
1	0	0	0	1	0	1	0	1	0	0	1
1	0	0	0	1	0	1	0	1	0	1	1
1	0	0	0	1	0	1	0	1	1	0	1
1	0	0	0	1	0	1	0	1	1	1	1
1	0	0	0	1	0	1	1	0	0	0	1
1	0	0	0	1	0	1	1	0	0	1	1
1	0	0	0	1	0	1	1	0	1	0	1
1	0	0	0	1	0	1	1	0	1	1	1
1	0	0	0	1	0	1	1	1	0	0	1
1	0	0	0	1	0	1	1	1	0	1	1
1	0	0	0	1	0	1	1	1	1	0	1
1	0	0	0	1	0	1	1	1	1	1	1
1	0	0	0	1	1	0	0	0	0	0	1
1	0	0	0	1	1	0	0	0	0	1	1
1	0	0	0	1	1	0	0	0	1	0	1
1	0	0	0	1	1	0	0	0	1	1	1
1	0	0	0	1	1	0	0	1	0	0	1
1	0	0	0	1	1	0	0	1	0	1	1
1	0	0	0	1	1	0	0	1	1	0	1
1	0	0	0	1	1	0	0	1	1	1	1
1	0	0	0	1	1	0	1	0	0	0	1
1	0	0	0	1	1	0	1	0	0	1	1
1	0	0	0	1	1	0	1	0	1	0	1
1	0	0	0	1	1	0	1	0	1	1	1
1	0	0	0	1	1	0	1	1	0	0	1
1	0	0	0	1	1	0	1	1	0	1	1
1	0	0	0	1	1	0	1	1	1	0	1
1	0	0	0	1	1	0	1	1	1	1	1
1	0	0	0	1	1	1	0	0	0	0	1
1	0	0	0	1	1	1	0	0	0	1	1
1	0	0	0	1	1	1	0	0	1	0	1
1	0	0	0	1	1	1	0	0	1	1	1
1	0	0	0	1	1	1	0	1	0	0	1
1	0	0	0	1	1	1	0	1	0	1	1
1	0	0	0	1	1	1	0	1	1	0	1
1	0	0	0	1	1	1	0	1	1	1	1
1	0	0	0	1	1	1	1	0	0	0	1
1	0	0	0	1	1	1	1	0	0	1	1
1	0	0	0	1	1	1	1	0	1	0	1
1	0	0	0	1	1	1	1	0	1	1	1
1	0	0	0	1	1	1	1	1	0	0	1
1	0	0	0	1	1	1	1	1	0	1	1
1	0	0	0	1	1	1	1	1	1	0	1
1	0	0	0	1	1	1	1	1	1	1	1
1	0	0	1	0	0	0	0	0	0	0	1
1	0	0	1	0	0	0	0	0	0	1	1
1	0	0	1	0	0	0	0	0	1	0	1
1	0	0	1	0	0	0	0	0	1	1	1
1	0	0	1	0	0	0	0	1	0	0	1
1	0	0	1	0	0	0	0	1	0	1	1
1	0	0	1	0	0	0	0	1	1	0	1
1	0	0	1	0	0	0	0	1	1	1	1
1	0	0	1	0	0	0	1	0	0	0	1
1	0	0	1	0	0	0	1	0	0	1	1
1	0	0	1	0	0	0	1	0	1	0	1
1	0	0	1	0	0	0	1	0	1	1	1
1	0	0	1	0	0	0	1	1	0	0	1
1	0	0	1	0	0	0	1	1	0	1	1
1	0	0	1	0	0	0	1	1	1	0	1
1	0	0	1	0	0	0	1	1	1	1	1
1	0	0	1	0	0	1	0	0	0	0	1
1	0	0	1	0	0	1	0	0	0	1	1
1	0	0	1	0	0	1	0	0	1	0	1
1	0	0	1	0	0	1	0	0	1	1	1
1	0	0	1	0	0	1	0	1	0	0	1
1	0	0	1	0	0	1	0	1	0	1	1
1	0	0	1	0	0	1	0	1	1	0	1
1	0	0	1	0	0	1	0	1	1	1	1
1	0	0	1	0	0	1	1	0	0	0	1
1	0	0	1	0	0	1	1	0	0	1	1
1	0	0	1	0	0	1	1	0	1	0	1
1	0	0	1	0	0	1	1	0	1	1	1
1	0	0	1	0	0	1	1	1	0	0	1
1	0	0	1	0	0	1	1	1	0	1	1
1	0	0	1	0	0	1	1	1	1	0	1
1	0	0	1	0	0	1	1	1	1	1	1
1	0	0	1	0	1	0	0	0	0	0	1
1	0	0	1	0	1	0	0	0	0	1	1
1	0	0	1	0	1	0	0	0	1	0	1
1	0	0	1	0	1	0	0	0	1	1	1
1	0	0	1	0	1	0	0	1	0	0	1
1	0	0	1	0	1	0	0	1	0	1	1
1	0	0	1	0	1	0	0	1	1	0	1
1	0	0	1	0	1	0	0	1	1	1	1
1	0	0	1	0	1	0	1	0	0	0	1
1	0	0	1	0	1	0	1	0	0	1	1
1	0	0	1	0	1	0	1	0	1	0	1
1	0	0	1	0	1	0	1	0	1	1	1
1	0	0	1	0	1	0	1	1	0	0	1
1	0	0	1	0	1	0	1	1	0	1	1
1	0	0	1	0	1	0	1	1	1	0	1
1	0	0	1	0	1	0	1	1	1	1	1
1	0	0	1	0	1	1	0	0	0	0	1
1	0	0	1	0	1	1	0	0	0	1	1
1	0	0	1	0	1	1	0	0	1	0	1
1	0	0	1	0	1	1	0	0	1	1	1
1	0	0	1	0	1	1	0	1	0	0	1
1	0	0	1	0	1	1	0	1	0	1	1
1	0	0	1	0	1	1	0	1	1	0	1
1	0	0	1	0	1	1	0	1	1	1	1
1	0	0	1	0	1	1	1	0	0	0	1
1	0	0	1	0	1	1	1	0	0	1	1
1	0	0	1	0	1	1	1	0	1	0	1
1	0	0	1	0	1	1	1	0	1	1	1
1	0	0	1	0	1	1	1	1	0	0	1
1	0	0	1	0	1	1	1	1	0	1	1
1	0	0	1	0	1	1	1	1	1	0	1
1	0	0	1	0	1	1	1	1	1	1	1
1	0	0	1	1	0	0	0	0	0	0	1
1	0	0	1	1	0	0	0	0	0	1	1
1	0	0	1	1	0	0	0	0	1	0	1
1	0	0	1	1	0	0	0	0	1	1	1
1	0	0	1	1	0	0	0	1	0	0	1
1	0	0	1	1	0	0	0	1	0	1	1
1	0	0	1	1	0	0	0	1	1	0	1
1	0	0	1	1	0	0	0	1	1	1	1
1	0	0	1	1	0	0	1	0	0	0	1
1	0	0	1	1	0	0	1	0	0	1	1
1	0	0	1	1	0	0	1	0	1	0	1
1	0	0	1	1	0	0	1	0	1	1	1
1	0	0	1	1	0	0	1	1	0	0	1
1	0	0	1	1	0	0	1	1	0	1	1
1	0	0	1	1	0	0	1	1	1	0	1
1	0	0	1	1	0	0	1	1	1	1	1
1	0	0	1	1	0	1	0	0	0	0	1
1	0	0	1	1	0	1	0	0	0	1	1
1	0	0	1	1	0	1	0	0	1	0	1
1	0	0	1	1	0	1	0	0	1	1	1
1	0	0	1	1	0	1	0	1	0	0	1
1	0	0	1	1	0	1	0	1	0	1	1
1	0	0	1	1	0	1	0	1	1	0	1
1	0	0	1	1	0	1	0	1	1	1	1
1	0	0	1	1	0	1	1	0	0	0	1
1	0	0	1	1	0	1	1	0	0	1	1
1	0	0	1	1	0	1	1	0	1	0	1
1	0	0	1	1	0	1	1	0	1	1	1
1	0	0	1	1	0	1	1	1	0	0	1
1	0	0	1	1	0	1	1	1	0	1	1
1	0	0	1	1	0	1	1	1	1	0	1
1	0	0	1	1	0	1	1	1	1	1	1
1	0	0	1	1	1	0	0	0	0	0	1
1	0	0	1	1	1	0	0	0	0	1	1
1	0	0	1	1	1	0	0	0	1	0	1
1	0	0	1	1	1	0	0	0	1	1	1
1	0	0	1	1	1	0	0	1	0	0	1
1	0	0	1	1	1	0	0	1	0	1	1
1	0	0	1	1	1	0	0	1	1	0	1
1	0	0	1	1	1	0	0	1	1	1	1
1	0	0	1	1	1	0	1	0	0	0	1
1	0	0	1	1	1	0	1	0	0	1	1
1	0	0	1	1	1	0	1	0	1	0	1
1	0	0	1	1	1	0	1	0	1	1	1
1	0	0	1	1	1	0	1	1	0	0	1
1	0	0	1	1	1	0	1	1	0	1	1
1	0	0	1	1	1	0	1	1	1	0	1
1	0	0	1	1	1	0	1	1	1	1	1
1	0	0	1	1	1	1	0	0	0	0	1
1	0	0	1	1	1	1	0	0	0	1	1
1	0	0	1	1	1	1	0	0	1	0	1
1	0	0	1	1	1	1	0	0	1	1	1
1	0	0	1	1	1	1	0	1	0	0	1
1	0	0	1	1	1	1	0	1	0	1	1
1	0	0	1	1	1	1	0	1	1	0	1
1	0	0	1	1	1	1	0	1	1	1	1
1	0	0	1	1	1	1	1	0	0	0	1
1	0	0	1	1	1	1	1	0	0	1	1
1	0	0	1	1	1	1	1	0	1	0	1
1	0	0	1	1	1	1	1	0	1	1	1
1	0	0	1	1	1	1	1	1	0	0	1
1	0	0	1	1	1	1	1	1	0	1	1
1	0	0	1	1	1	1	1	1	1	0	1
1	0	0	1	1	1	1	1	1	1	1	1
1	0	1	0	0	0	0	0	0	0	0	1
1	0	1	0	0	0	0	0	0	0	1	1
1	0	1	0	0	0	0	0	0	1	0	1
1	0	1	0	0	0	0	0	0	1	1	1
1	0	1	0	0	0	0	0	1	0	0	1
1	0	1	0	0	0	0	0	1	0	1	1
1	0	1	0	0	0	0	0	1	1	0	1
1	0	1	0	0	0	0	0	1	1	1	1
1	0	1	0	0	0	0	1	0	0	0	1
1	0	1	0	0	0	0	1	0	0	1	1
1	0	1	0	0	0	0	1	0	1	0	1
1	0	1	0	0	0	0	1	0	1	1	1
1	0	1	0	0	0	0	1	1	0	0	1
1	0	1	0	0	0	0	1	1	0	1	1
1	0	1	0	0	0	0	1	1	1	0	1
1	0	1	0	0	0	0	1	1	1	1	1
1	0	1	0	0	0	1	0	0	0	0	1
1	0	1	0	0	0	1	0	0	0	1	1
1	0	1	0	0	0	1	0	0	1	0	1
1	0	1	0	0	0	1	0	0	1	1	1
1	0	1	0	0	0	1	0	1	0	0	1
1	0	1	0	0	0	1	0	1	0	1	1
1	0	1	0	0	0	1	0	1	1	0	1
1	0	1	0	0	0	1	0	1	1	1	1
1	0	1	0	0	0	1	1	0	0	0	1
1	0	1	0	0	0	1	1	0	0	1	1
1	0	1	0	0	0	1	1	0	1	0	1
1	0	1	0	0	0	1	1	0	1	1	1
1	0	1	0	0	0	1	1	1	0	0	1
1	0	1	0	0	0	1	1	1	0	1	1
1	0	1	0	0	0	1	1	1	1	0	1
1	0	1	0	0	0	1	1	1	1	1	1
1	0	1	0	0	1	0	0	0	0	0	1
1	0	1	0	0	1	0	0	0	0	1	1
1	0	1	0	0	1	0	0	0	1	0	1
1	0	1	0	0	1	0	0	0	1	1	1
1	0	1	0	0	1	0	0	1	0	0	1
1	0	1	0	0	1	0	0	1	0	1	1
1	0	1	0	0	1	0	0	1	1	0	1
1	0	1	0	0	1	0	0	1	1	1	1
1	0	1	0	0	1	0	1	0	0	0	1
1	0	1	0	0	1	0	1	0	0	1	1
1	0	1	0	0	1	0	1	0	1	0	1
1	0	1	0	0	1	0	1	0	1	1	1
1	0	1	0	0	1	0	1	1	0	0	1
1	0	1	0	0	1	0	1	1	0	1	1
1	0	1	0	0	1	0	1	1	1	0	1
1	0	1	0	0	1	0	1	1	1	1	1
1	0	1	0	0	1	1	0	0	0	0	1
1	0	1	0	0	1	1	0	0	0	1	1
1	0	1	0	0	1	1	0	0	1	0	1
1	0	1	0	0	1	1	0	0	1	1	1
1	0	1	0	0	1	1	0	1	0	0	1
1	0	1	0	0	1	1	0	1	0	1	1
1	0	1	0	0	1	1	0	1	1	0	1
1	0	1	0	0	1	1	0	1	1	1	1
1	0	1	0	0	1	1	1	0	0	0	1
1	0	1	0	0	1	1	1	0	0	1	1
1	0	1	0	0	1	1	1	0	1	0	1
1	0	1	0	0	1	1	1	0	1	1	1
1	0	1	0	0	1	1	1	1	0	0	1
1	0	1	0	0	1	1	1	1	0	1	1
1	0	1	0	0	1	1	1	1	1	0	1
1	0	1	0	0	1	1	1	1	1	1	1
1	0	1	0	1	0	0	0	0	0	0	1
1	0	1	0	1	0	0	0	0	0	1	1
1	0	1	0	1	0	0	0	0	1	0	1
1	0	1	0	1	0	0	0	0	1	1	1
1	0	1	0	1	0	0	0	1	0	0	1
1	0	1	0	1	0	0	0	1	0	1	1
1	0	1	0	1	0	0	0	1	1	0	1
1	0	1	0	1	0	0	0	1	1	1	1
1	0	1	0	1	0	0	1	0	0	0	1
1	0	1	0	1	0	0	1	0	0	1	1
1	0	1	0	1	0	0	1	0	1	0	1
1	0	1	0	1	0	0	1	0	1	1	1
1	0	1	0	1	0	0	1	1	0	0	1
1	0	1	0	1	0	0	1	1	0	1	1
1	0	1	0	1	0	0	1	1	1	0	1
1	0	1	0	1	0	0	1	1	1	1	1
1	0	1	0	1	0	1	0	0	0	0	1
1	0	1	0	1	0	1	0	0	0	1	1
1	0	1	0	1	0	1	0	0	1	0	1
1	0	1	0	1	0	1	0	0	1	1	1
1	0	1	0	1	0	1	0	1	0	0	1
1	0	1	0	1	0	1	0	1	0	1	1
1	0	1	0	1	0	1	0	1	1	0	1
1	0	1	0	1	0	1	0	1	1	1	1
1	0	1	0	1	0	1	1	0	0	0	1
1	0	1	0	1	0	1	1	0	0	1	1
1	0	1	0	1	0	1	1	0	1	0	1
1	0	1	0	1	0	1	1	0	1	1	1
1	0	1	0	1	0	1	1	1	0	0	1
1	0	1	0	1	0	1	1	1	0	1	1
1	0	1	0	1	0	1	1	1	1	0	1
1	0	1	0	1	0	1	1	1	1	1	1
1	0	1	0	1	1	0	0	0	0	0	1
1	0	1	0	1	1	0	0	0	0	1	1
1	0	1	0	1	1	0	0	0	1	0	1
1	0	1	0	1	1	0	0	0	1	1	1
1	0	1	0	1	1	0	0	1	0	0	1
1	0	1	0	1	1	0	0	1	0	1	1
1	0	1	0	1	1	0	0	1	1	0	1
1	0	1	0	1	1	0	0	1	1	1	1
1	0	1	0	1	1	0	1	0	0	0	1
1	0	1	0	1	1	0	1	0	0	1	1
1	0	1	0	1	1	0	1	0	1	0	1
1	0	1	0	1	1	0	1	0	1	1	1
1	0	1	0	1	1	0	1	1	0	0	1
1	0	1	0	1	1	0	1	1	0	1	1
1	0	1	0	1	1	0	1	1	1	0	1
1	0	1	0	1	1	0	1	1	1	1	1
1	0	1	0	1	1	1	0	0	0	0	1
1	0	1	0	1	1	1	0	0	0	1	1
1	0	1	0	1	1	1	0	0	1	0	1
1	0	1	0	1	1	1	0	0	1	1	1
1	0	1	0	1	1	1	0	1	0	0	1
1	0	1	0	1	1	1	0	1	0	1	1
1	0	1	0	1	1	1	0	1	1	0	1
1	0	1	0	1	1	1	0	1	1	1	1
1	0	1	0	1	1	1	1	0	0	0	1
1	0	1	0	1	1	1	1	0	0	1	1
1	0	1	0	1	1	1	1	0	1	0	1
1	0	1	0	1	1	1	1	0	1	1	1
1	0	1	0	1	1	1	1	1	0	0	1
1	0	1	0	1	1	1	1	1	0	1	1
1	0	1	0	1	1	1	1	1	1	0	1
1	0	1	0	1	1	1	1	1	1	1	1
1	0	1	1	0	0	0	0	0	0	0	1
1	0	1	1	0	0	0	0	0	0	1	1
1	0	1	1	0	0	0	0	0	1	0	1
1	0	1	1	0	0	0	0	0	1	1	1
1	0	1	1	0	0	0	0	1	0	0	1
1	0	1	1	0	0	0	0	1	0	1	1
1	0	1	1	0	0	0	0	1	1	0	1
1	0	1	1	0	0	0	0	1	1	1	1
1	0	1	1	0	0	0	1	0	0	0	1
1	0	1	1	0	0	0	1	0	0	1	1
1	0	1	1	0	0	0	1	0	1	0	1
1	0	1	1	0	0	0	1	0	1	1	1
1	0	1	1	0	0	0	1	1	0	0	1
1	0	1	1	0	0	0	1	1	0	1	1
1	0	1	1	0	0	0	1	1	1	0	1
1	0	1	1	0	0	0	1	1	1	1	1
1	0	1	1	0	0	1	0	0	0	0	1
1	0	1	1	0	0	1	0	0	0	1	1
1	0	1	1	0	0	1	0	0	1	0	1
1	0	1	1	0	0	1	0	0	1	1	1
1	0	1	1	0	0	1	0	1	0	0	1
1	0	1	1	0	0	1	0	1	0	1	1
1	0	1	1	0	0	1	0	1	1	0	1
1	0	1	1	0	0	1	0	1	1	1	1
1	0	1	1	0	0	1	1	0	0	0	1
1	0	1	1	0	0	1	1	0	0	1	1
1	0	1	1	0	0	1	1	0	1	0	1
1	0	1	1	0	0	1	1	0	1	1	1
1	0	1	1	0	0	1	1	1	0	0	1
1	0	1	1	0	0	1	1	1	0	1	1
1	0	1	1	0	0	1	1	1	1	0	1
1	0	1	1	0	0	1	1	1	1	1	1
1	0	1	1	0	1	0	0	0	0	0	1
1	0	1	1	0	1	0	0	0	0	1	1
1	0	1	1	0	1	0	0	0	1	0	1
1	0	1	1	0	1	0	0	0	1	1	1
1	0	1	1	0	1	0	0	1	0	0	1
1	0	1	1	0	1	0	0	1	0	1	1
1	0	1	1	0	1	0	0	1	1	0	1
1	0	1	1	0	1	0	0	1	1	1	1
1	0	1	1	0	1	0	1	0	0	0	1
1	0	1	1	0	1	0	1	0	0	1	1
1	0	1	1	0	1	0	1	0	1	0	1
1	0	1	1	0	1	0	1	0	1	1	1
1	0	1	1	0	1	0	1	1	0	0	1
1	0	1	1	0	1	0	1	1	0	1	1
1	0	1	1	0	1	0	1	1	1	0	1
1	0	1	1	0	1	0	1	1	1	1	1
1	0	1	1	0	1	1	0	0	0	0	1
1	0	1	1	0	1	1	0	0	0	1	1
1	0	1	1	0	1	1	0	0	1	0	1
1	0	1	1	0	1	1	0	0	1	1	1
1	0	1	1	0	1	1	0	1	0	0	1
1	0	1	1	0	1	1	0	1	0	1	1
1	0	1	1	0	1	1	0	1	1	0	1
1	0	1	1	0	1	1	0	1	1	1	1
1	0	1	1	0	1	1	1	0	0	0	1
1	0	1	1	0	1	1	1	0	0	1	1
1	0	1	1	0	1	1	1	0	1	0	1
1	0	1	1	0	1	1	1	0	1	1	1
1	0	1	1	0	1	1	1	1	0	0	1
1	0	1	1	0	1	1	1	1	0	1	1
1	0	1	1	0	1	1	1	1	1	0	1
1	0	1	1	0	1	1	1	1	1	1	1
1	0	1	1	1	0	0	0	0	0	0	1
1	0	1	1	1	0	0	0	0	0	1	1
1	0	1	1	1	0	0	0	0	1	0	1
1	0	1	1	1	0	0	0	0	1	1	1
1	0	1	1	1	0	0	0	1	0	0	1
1	0	1	1	1	0	0	0	1	0	1	1
1	0	1	1	1	0	0	0	1	1	0	1
1	0	1	1	1	0	0	0	1	1	1	1
1	0	1	1	1	0	0	1	0	0	0	1
1	0	1	1	1	0	0	1	0	0	1	1
1	0	1	1	1	0	0	1	0	1	0	1
1	0	1	1	1	0	0	1	0	1	1	1
1	0	1	1	1	0	0	1	1	0	0	1
1	0	1	1	1	0	0	1	1	0	1	1
1	0	1	1	1	0	0	1	1	1	0	1
1	0	1	1	1	0	0	1	1	1	1	1
1	0	1	1	1	0	1	0	0	0	0	1
1	0	1	1	1	0	1	0	0	0	1	1
1	0	1	1	1	0	1	0	0	1	0	1
1	0	1	1	1	0	1	0	0	1	1	1
1	0	1	1	1	0	1	0	1	0	0	1
1	0	1	1	1	0	1	0	1	0	1	1
1	0	1	1	1	0	1	0	1	1	0	1
1	0	1	1	1	0	1	0	1	1	1	1
1	0	1	1	1	0	1	1	0	0	0	1
1	0	1	1	1	0	1	1	0	0	1	1
1	0	1	1	1	0	1	1	0	1	0	1
1	0	1	1	1	0	1	1	0	1	1	1
1	0	1	1	1	0	1	1	1	0	0	1
1	0	1	1	1	0	1	1	1	0	1	1
1	0	1	1	1	0	1	1	1	1	0	1
1	0	1	1	1	0	1	1	1	1	1	1
1	0	1	1	1	1	0	0	0	0	0	1
1	0	1	1	1	1	0	0	0	0	1	1
1	0	1	1	1	1	0	0	0	1	0	1
1	0	1	1	1	1	0	0	0	1	1	1
1	0	1	1	1	1	0	0	1	0	0	1
1	0	1	1	1	1	0	0	1	0	1	1
1	0	1	1	1	1	0	0	1	1	0	1
1	0	1	1	1	1	0	0	1	1	1	1
1	0	1	1	1	1	0	1	0	0	0	1
1	0	1	1	1	1	0	1	0	0	1	1
1	0	1	1	1	1	0	1	0	1	0	1
1	0	1	1	1	1	0	1	0	1	1	1
1	0	1	1	1	1	0	1	1	0	0	1
1	0	1	1	1	1	0	1	1	0	1	1
1	0	1	1	1	1	0	1	1	1	0	1
1	0	1	1	1	1	0	1	1	1	1	1
1	0	1	1	1	1	1	0	0	0	0	1
1	0	1	1	1	1	1	0	0	0	1	1
1	0	1	1	1	1	1	0	0	1	0	1
1	0	1	1	1	1	1	0	0	1	1	1
1	0	1	1	1	1	1	0	1	0	0	1
1	0	1	1	1	1	1	0	1	0	1	1
1	0	1	1	1	1	1	0	1	1	0	1
1	0	1	1	1	1	1	0	1	1	1	1
1	0	1	1	1	1	1	1	0	0	0	1
1	0	1	1	1	1	1	1	0	0	1	1
1	0	1	1	1	1	1	1	0	1	0	1
1	0	1	1	1	1	1	1	0	1	1	1
1	0	1	1	1	1	1	1	1	0	0	1
1	0	1	1	1	1	1	1	1	0	1	1
1	0	1	1	1	1	1	1	1	1	0	1
1	0	1	1	1	1	1	1	1	1	1	1
1	1	0	0	0	0	0	0	0	0	0	1
1	1	0	0	0	0	0	0	0	0	1	1
1	1	0	0	0	0	0	0	0	1	0	1
1	1	0	0	0	0	0	0	0	1	1	1
1	1	0	0	0	0	0	0	1	0	0	1
1	1	0	0	0	0	0	0	1	0	1	1
1	1	0	0	0	0	0	0	1	1	0	1
1	1	0	0	0	0	0	0	1	1	1	1
1	1	0	0	0	0	0	1	0	0	0	1
1	1	0	0	0	0	0	1	0	0	1	1
1	1	0	0	0	0	0	1	0	1	0	1
1	1	0	0	0	0	0	1	0	1	1	1
1	1	0	0	0	0	0	1	1	0	0	1
1	1	0	0	0	0	0	1	1	0	1	1
1	1	0	0	0	0	0	1	1	1	0	1
1	1	0	0	0	0	0	1	1	1	1	1
1	1	0	0	0	0	1	0	0	0	0	1
1	1	0	0	0	0	1	0	0	0	1	1
1	1	0	0	0	0	1	0	0	1	0	1
1	1	0	0	0	0	1	0	0	1	1	1
1	1	0	0	0	0	1	0	1	0	0	1
1	1	0	0	0	0	1	0	1	0	1	1
1	1	0	0	0	0	1	0	1	1	0	1
1	1	0	0	0	0	1	0	1	1	1	1
1	1	0	0	0	0	1	1	0	0	0	1
1	1	0	0	0	0	1	1	0	0	1	1
1	1	0	0	0	0	1	1	0	1	0	1
1	1	0	0	0	0	1	1	0	1	1	1
1	1	0	0	0	0	1	1	1	0	0	1
1	1	0	0	0	0	1	1	1	0	1	1
1	1	0	0	0	0	1	1	1	1	0	1
1	1	0	0	0	0	1	1	1	1	1	1
1	1	0	0	0	1	0	0	0	0	0	1
1	1	0	0	0	1	0	0	0	0	1	1
1	1	0	0	0	1	0	0	0	1	0	1
1	1	0	0	0	1	0	0	0	1	1	1
1	1	0	0	0	1	0	0	1	0	0	1
1	1	0	0	0	1	0	0	1	0	1	1
1	1	0	0	0	1	0	0	1	1	0	1
1	1	0	0	0	1	0	0	1	1	1	1
1	1	0	0	0	1	0	1	0	0	0	1
1	1	0	0	0	1	0	1	0	0	1	1
1	1	0	0	0	1	0	1	0	1	0	1
1	1	0	0	0	1	0	1	0	1	1	1
1	1	0	0	0	1	0	1	1	0	0	1
1	1	0	0	0	1	0	1	1	0	1	1
1	1	0	0	0	1	0	1	1	1	0	1
1	1	0	0	0	1	0	1	1	1	1	1
1	1	0	0	0	1	1	0	0	0	0	1
1	1	0	0	0	1	1	0	0	0	1	1
1	1	0	0	0	1	1	0	0	1	0	1
1	1	0	0	0	1	1	0	0	1	1	1
1	1	0	0	0	1	1	0	1	0	0	1
1	1	0	0	0	1	1	0	1	0	1	1
1	1	0	0	0	1	1	0	1	1	0	1
1	1	0	0	0	1	1	0	1	1	1	1
1	1	0	0	0	1	1	1	0	0	0	1
1	1	0	0	0	1	1	1	0	0	1	1
1	1	0	0	0	1	1	1	0	1	0	1
1	1	0	0	0	1	1	1	0	1	1	1
1	1	0	0	0	1	1	1	1	0	0	1
1	1	0	0	0	1	1	1	1	0	1	1
1	1	0	0	0	1	1	1	1	1	0	1
1	1	0	0	0	1	1	1	1	1	1	1
1	1	0	0	1	0	0	0	0	0	0	1
1	1	0	0	1	0	0	0	0	0	1	1
1	1	0	0	1	0	0	0	0	1	0	1
1	1	0	0	1	0	0	0	0	1	1	1
1	1	0	0	1	0	0	0	1	0	0	1
1	1	0	0	1	0	0	0	1	0	1	1
1	1	0	0	1	0	0	0	1	1	0	1
1	1	0	0	1	0	0	0	1	1	1	1
1	1	0	0	1	0	0	1	0	0	0	1
1	1	0	0	1	0	0	1	0	0	1	1
1	1	0	0	1	0	0	1	0	1	0	1
1	1	0	0	1	0	0	1	0	1	1	1
1	1	0	0	1	0	0	1	1	0	0	1
1	1	0	0	1	0	0	1	1	0	1	1
1	1	0	0	1	0	0	1	1	1	0	1
1	1	0	0	1	0	0	1	1	1	1	1
1	1	0	0	1	0	1	0	0	0	0	1
1	1	0	0	1	0	1	0	0	0	1	1
1	1	0	0	1	0	1	0	0	1	0	1
1	1	0	0	1	0	1	0	0	1	1	1
1	1	0	0	1	0	1	0	1	0	0	1
1	1	0	0	1	0	1	0	1	0	1	1
1	1	0	0	1	0	1	0	1	1	0	1
1	1	0	0	1	0	1	0	1	1	1	1
1	1	0	0	1	0	1	1	0	0	0	1
1	1	0	0	1	0	1	1	0	0	1	1
1	1	0	0	1	0	1	1	0	1	0	1
1	1	0	0	1	0	1	1	0	1	1	1
1	1	0	0	1	0	1	1	1	0	0	1
1	1	0	0	1	0	1	1	1	0	1	1
1	1	0	0	1	0	1	1	1	1	0	1
1	1	0	0	1	0	1	1	1	1	1	1
1	1	0	0	1	1	0	0	0	0	0	1
1	1	0	0	1	1	0	0	0	0	1	1
1	1	0	0	1	1	0	0	0	1	0	1
1	1	0	0	1	1	0	0	0	1	1	1
1	1	0	0	1	1	0	0	1	0	0	1
1	1	0	0	1	1	0	0	1	0	1	1
1	1	0	0	1	1	0	0	1	1	0	1
1	1	0	0	1	1	0	0	1	1	1	1
1	1	0	0	1	1	0	1	0	0	0	1
1	1	0	0	1	1	0	1	0	0	1	1
1	1	0	0	1	1	0	1	0	1	0	1
1	1	0	0	1	1	0	1	0	1	1	1
1	1	0	0	1	1	0	1	1	0	0	1
1	1	0	0	1	1	0	1	1	0	1	1
1	1	0	0	1	1	0	1	1	1	0	1
1	1	0	0	1	1	0	1	1	1	1	1
1	1	0	0	1	1	1	0	0	0	0	1
1	1	0	0	1	1	1	0	0	0	1	1
1	1	0	0	1	1	1	0	0	1	0	1
1	1	0	0	1	1	1	0	0	1	1	1
1	1	0	0	1	1	1	0	1	0	0	1
1	1	0	0	1	1	1	0	1	0	1	1
1	1	0	0	1	1	1	0	1	1	0	1
1	1	0	0	1	1	1	0	1	1	1	1
1	1	0	0	1	1	1	1	0	0	0	1
1	1	0	0	1	1	1	1	0	0	1	1
1	1	0	0	1	1	1	1	0	1	0	1
1	1	0	0	1	1	1	1	0	1	1	1
1	1	0	0	1	1	1	1	1	0	0	1
1	1	0	0	1	1	1	1	1	0	1	1
1	1	0	0	1	1	1	1	1	1	0	1
1	1	0	0	1	1	1	1	1	1	1	1
1	1	0	1	0	0	0	0	0	0	0	1
1	1	0	1	0	0	0	0	0	0	1	1
1	1	0	1	0	0	0	0	0	1	0	1
1	1	0	1	0	0	0	0	0	1	1	1
1	1	0	1	0	0	0	0	1	0	0	1
1	1	0	1	0	0	0	0	1	0	1	1
1	1	0	1	0	0	0	0	1	1	0	1
1	1	0	1	0	0	0	0	1	1	1	1
1	1	0	1	0	0	0	1	0	0	0	1
1	1	0	1	0	0	0	1	0	0	1	1
1	1	0	1	0	0	0	1	0	1	0	1
1	1	0	1	0	0	0	1	0	1	1	1
1	1	0	1	0	0	0	1	1	0	0	1
1	1	0	1	0	0	0	1	1	0	1	1
1	1	0	1	0	0	0	1	1	1	0	1
1	1	0	1	0	0	0	1	1	1	1	1
1	1	0	1	0	0	1	0	0	0	0	1
1	1	0	1	0	0	1	0	0	0	1	1
1	1	0	1	0	0	1	0	0	1	0	1
1	1	0	1	0	0	1	0	0	1	1	1
1	1	0	1	0	0	1	0	1	0	0	1
1	1	0	1	0	0	1	0	1	0	1	1
1	1	0	1	0	0	1	0	1	1	0	1
1	1	0	1	0	0	1	0	1	1	1	1
1	1	0	1	0	0	1	1	0	0	0	1
1	1	0	1	0	0	1	1	0	0	1	1
1	1	0	1	0	0	1	1	0	1	0	1
1	1	0	1	0	0	1	1	0	1	1	1
1	1	0	1	0	0	1	1	1	0	0	1
1	1	0	1	0	0	1	1	1	0	1	1
1	1	0	1	0	0	1	1	1	1	0	1
1	1	0	1	0	0	1	1	1	1	1	1
1	1	0	1	0	1	0	0	0	0	0	1
1	1	0	1	0	1	0	0	0	0	1	1
1	1	0	1	0	1	0	0	0	1	0	1
1	1	0	1	0	1	0	0	0	1	1	1
1	1	0	1	0	1	0	0	1	0	0	1
1	1	0	1	0	1	0	0	1	0	1	1
1	1	0	1	0	1	0	0	1	1	0	1
1	1	0	1	0	1	0	0	1	1	1	1
1	1	0	1	0	1	0	1	0	0	0	1
1	1	0	1	0	1	0	1	0	0	1	1
1	1	0	1	0	1	0	1	0	1	0	1
1	1	0	1	0	1	0	1	0	1	1	1
1	1	0	1	0	1	0	1	1	0	0	1
1	1	0	1	0	1	0	1	1	0	1	1
1	1	0	1	0	1	0	1	1	1	0	1
1	1	0	1	0	1	0	1	1	1	1	1
1	1	0	1	0	1	1	0	0	0	0	1
1	1	0	1	0	1	1	0	0	0	1	1
1	1	0	1	0	1	1	0	0	1	0	1
1	1	0	1	0	1	1	0	0	1	1	1
1	1	0	1	0	1	1	0	1	0	0	1
1	1	0	1	0	1	1	0	1	0	1	1
1	1	0	1	0	1	1	0	1	1	0	1
1	1	0	1	0	1	1	0	1	1	1	1
1	1	0	1	0	1	1	1	0	0	0	1
1	1	0	1	0	1	1	1	0	0	1	1
1	1	0	1	0	1	1	1	0	1	0	1
1	1	0	1	0	1	1	1	0	1	1	1
1	1	0	1	0	1	1	1	1	0	0	1
1	1	0	1	0	1	1	1	1	0	1	1
1	1	0	1	0	1	1	1	1	1	0	1
1	1	0	1	0	1	1	1	1	1	1	1
1	1	0	1	1	0	0	0	0	0	0	1
1	1	0	1	1	0	0	0	0	0	1	1
1	1	0	1	1	0	0	0	0	1	0	1
1	1	0	1	1	0	0	0	0	1	1	1
1	1	0	1	1	0	0	0	1	0	0	1
1	1	0	1	1	0	0	0	1	0	1	1
1	1	0	1	1	0	0	0	1	1	0	1
1	1	0	1	1	0	0	0	1	1	1	1
1	1	0	1	1	0	0	1	0	0	0	1
1	1	0	1	1	0	0	1	0	0	1	1
1	1	0	1	1	0	0	1	0	1	0	1
1	1	0	1	1	0	0	1	0	1	1	1
1	1	0	1	1	0	0	1	1	0	0	1
1	1	0	1	1	0	0	1	1	0	1	1
1	1	0	1	1	0	0	1	1	1	0	1
1	1	0	1	1	0	0	1	1	1	1	1
1	1	0	1	1	0	1	0	0	0	0	1
1	1	0	1	1	0	1	0	0	0	1	1
1	1	0	1	1	0	1	0	0	1	0	1
1	1	0	1	1	0	1	0	0	1	1	1
1	1	0	1	1	0	1	0	1	0	0	1
1	1	0	1	1	0	1	0	1	0	1	1
1	1	0	1	1	0	1	0	1	1	0	1
1	1	0	1	1	0	1	0	1	1	1	1
1	1	0	1	1	0	1	1	0	0	0	1
1	1	0	1	1	0	1	1	0	0	1	1
1	1	0	1	1	0	1	1	0	1	0	1
1	1	0	1	1	0	1	1	0	1	1	1
1	1	0	1	1	0	1	1	1	0	0	1
1	1	0	1	1	0	1	1	1	0	1	1
1	1	0	1	1	0	1	1	1	1	0	1
1	1	0	1	1	0	1	1	1	1	1	1
1	1	0	1	1	1	0	0	0	0	0	1
1	1	0	1	1	1	0	0	0	0	1	1
1	1	0	1	1	1	0	0	0	1	0	1
1	1	0	1	1	1	0	0	0	1	1	1
1	1	0	1	1	1	0	0	1	0	0	1
1	1	0	1	1	1	0	0	1	0	1	1
1	1	0	1	1	1	0	0	1	1	0	1
1	1	0	1	1	1	0	0	1	1	1	1
1	1	0	1	1	1	0	1	0	0	0	1
1	1	0	1	1	1	0	1	0	0	1	1
1	1	0	1	1	1	0	1	0	1	0	1
1	1	0	1	1	1	0	1	0	1	1	1
1	1	0	1	1	1	0	1	1	0	0	1
1	1	0	1	1	1	0	1	1	0	1	1
1	1	0	1	1	1	0	1	1	1	0	1
1	1	0	1	1	1	0	1	1	1	1	1
1	1	0	1	1	1	1	0	0	0	0	1
1	1	0	1	1	1	1	0	0	0	1	1
1	1	0	1	1	1	1	0	0	1	0	1
1	1	0	1	1	1	1	0	0	1	1	1
1	1	0	1	1	1	1	0	1	0	0	1
1	1	0	1	1	1	1	0	1	0	1	1
1	1	0	1	1	1	1	0	1	1	0	1
1	1	0	1	1	1	1	0	1	1	1	1
1	1	0	1	1	1	1	1	0	0	0	1
1	1	0	1	1	1	1	1	0	0	1	1
1	1	0	1	1	1	1	1	0	1	0	1
1	1	0	1	1	1	1	1	0	1	1	1
1	1	0	1	1	1	1	1	1	0	0	1
1	1	0	1	1	1	1	1	1	0	1	1
1	1	0	1	1	1	1	1	1	1	0	1
1	1	0	1	1	1	1	1	1	1	1	1
1	1	1	0	0	0	0	0	0	0	0	1
1	1	1	0	0	0	0	0	0	0	1	1
1	1	1	0	0	0	0	0	0	1	0	1
1	1	1	0	0	0	0	0	0	1	1	1
1	1	1	0	0	0	0	0	1	0	0	1
1	1	1	0	0	0	0	0	1	0	1	1
1	1	1	0	0	0	0	0	1	1	0	1
1	1	1	0	0	0	0	0	1	1	1	1
1	1	1	0	0	0	0	1	0	0	0	1
1	1	1	0	0	0	0	1	0	0	1	1
1	1	1	0	0	0	0	1	0	1	0	1
1	1	1	0	0	0	0	1	0	1	1	1
1	1	1	0	0	0	0	1	1	0	0	1
1	1	1	0	0	0	0	1	1	0	1	1
1	1	1	0	0	0	0	1	1	1	0	1
1	1	1	0	0	0	0	1	1	1	1	1
1	1	1	0	0	0	1	0	0	0	0	1
1	1	1	0	0	0	1	0	0	0	1	1
1	1	1	0	0	0	1	0	0	1	0	1
1	1	1	0	0	0	1	0	0	1	1	1
1	1	1	0	0	0	1	0	1	0	0	1
1	1	1	0	0	0	1	0	1	0	1	1
1	1	1	0	0	0	1	0	1	1	0	1
1	1	1	0	0	0	1	0	1	1	1	1
1	1	1	0	0	0	1	1	0	0	0	1
1	1	1	0	0	0	1	1	0	0	1	1
1	1	1	0	0	0	1	1	0	1	0	1
1	1	1	0	0	0	1	1	0	1	1	1
1	1	1	0	0	0	1	1	1	0	0	1
1	1	1	0	0	0	1	1	1	0	1	1
1	1	1	0	0	0	1	1	1	1	0	1
1	1	1	0	0	0	1	1	1	1	1	1
1	1	1	0	0	1	0	0	0	0	0	1
1	1	1	0	0	1	0	0	0	0	1	1
1	1	1	0	0	1	0	0	0	1	0	1
1	1	1	0	0	1	0	0	0	1	1	1
1	1	1	0	0	1	0	0	1	0	0	1
1	1	1	0	0	1	0	0	1	0	1	1
1	1	1	0	0	1	0	0	1	1	0	1
1	1	1	0	0	1	0	0	1	1	1	1
1	1	1	0	0	1	0	1	0	0	0	1
1	1	1	0	0	1	0	1	0	0	1	1
1	1	1	0	0	1	0	1	0	1	0	1
1	1	1	0	0	1	0	1	0	1	1	1
1	1	1	0	0	1	0	1	1	0	0	1
1	1	1	0	0	1	0	1	1	0	1	1
1	1	1	0	0	1	0	1	1	1	0	1
1	1	1	0	0	1	0	1	1	1	1	1
1	1	1	0	0	1	1	0	0	0	0	1
1	1	1	0	0	1	1	0	0	0	1	1
1	1	1	0	0	1	1	0	0	1	0	1
1	1	1	0	0	1	1	0	0	1	1	1
1	1	1	0	0	1	1	0	1	0	0	1
1	1	1	0	0	1	1	0	1	0	1	1
1	1	1	0	0	1	1	0	1	1	0	1
1	1	1	0	0	1	1	0	1	1	1	1
1	1	1	0	0	1	1	1	0	0	0	1
1	1	1	0	0	1	1	1	0	0	1	1
1	1	1	0	0	1	1	1	0	1	0	1
1	1	1	0	0	1	1	1	0	1	1	1
1	1	1	0	0	1	1	1	1	0	0	1
1	1	1	0	0	1	1	1	1	0	1	1
1	1	1	0	0	1	1	1	1	1	0	1
1	1	1	0	0	1	1	1	1	1	1	1
1	1	1	0	1	0	0	0	0	0	0	1
1	1	1	0	1	0	0	0	0	0	1	1
1	1	1	0	1	0	0	0	0	1	0	1
1	1	1	0	1	0	0	0	0	1	1	1
1	1	1	0	1	0	0	0	1	0	0	1
1	1	1	0	1	0	0	0	1	0	1	1
1	1	1	0	1	0	0	0	1	1	0	1
1	1	1	0	1	0	0	0	1	1	1	1
1	1	1	0	1	0	0	1	0	0	0	1
1	1	1	0	1	0	0	1	0	0	1	1
1	1	1	0	1	0	0	1	0	1	0	1
1	1	1	0	1	0	0	1	0	1	1	1
1	1	1	0	1	0	0	1	1	0	0	1
1	1	1	0	1	0	0	1	1	0	1	1
1	1	1	0	1	0	0	1	1	1	0	1
1	1	1	0	1	0	0	1	1	1	1	1
1	1	1	0	1	0	1	0	0	0	0	1
1	1	1	0	1	0	1	0	0	0	1	1
1	1	1	0	1	0	1	0	0	1	0	1
1	1	1	0	1	0	1	0	0	1	1	1
1	1	1	0	1	0	1	0	1	0	0	1
1	1	1	0	1	0	1	0	1	0	1	1
1	1	1	0	1	0	1	0	1	1	0	1
1	1	1	0	1	0	1	0	1	1	1	1
1	1	1	0	1	0	1	1	0	0	0	1
1	1	1	0	1	0	1	1	0	0	1	1
1	1	1	0	1	0	1	1	0	1	0	1
1	1	1	0	1	0	1	1	0	1	1	1
1	1	1	0	1	0	1	1	1	0	0	1
1	1	1	0	1	0	1	1	1	0	1	1
1	1	1	0	1	0	1	1	1	1	0	1
1	1	1	0	1	0	1	1	1	1	1	1
1	1	1	0	1	1	0	0	0	0	0	1
1	1	1	0	1	1	0	0	0	0	1	1
1	1	1	0	1	1	0	0	0	1	0	1
1	1	1	0	1	1	0	0	0	1	1	1
1	1	1	0	1	1	0	0	1	0	0	1
1	1	1	0	1	1	0	0	1	0	1	1
1	1	1	0	1	1	0	0	1	1	0	1
1	1	1	0	1	1	0	0	1	1	1	1
1	1	1	0	1	1	0	1	0	0	0	1
1	1	1	0	1	1	0	1	0	0	1	1
1	1	1	0	1	1	0	1	0	1	0	1
1	1	1	0	1	1	0	1	0	1	1	1
1	1	1	0	1	1	0	1	1	0	0	1
1	1	1	0	1	1	0	1	1	0	1	1
1	1	1	0	1	1	0	1	1	1	0	1
1	1	1	0	1	1	0	1	1	1	1	1
1	1	1	0	1	1	1	0	0	0	0	1
1	1	1	0	1	1	1	0	0	0	1	1
1	1	1	0	1	1	1	0	0	1	0	1
1	1	1	0	1	1	1	0	0	1	1	1
1	1	1	0	1	1	1	0	1	0	0	1
1	1	1	0	1	1	1	0	1	0	1	1
1	1	1	0	1	1	1	0	1	1	0	1
1	1	1	0	1	1	1	0	1	1	1	1
1	1	1	0	1	1	1	1	0	0	0	1
1	1	1	0	1	1	1	1	0	0	1	1
1	1	1	0	1	1	1	1	0	1	0	1
1	1	1	0	1	1	1	1	0	1	1	1
1	1	1	0	1	1	1	1	1	0	0	1
1	1	1	0	1	1	1	1	1	0	1	1
1	1	1	0	1	1	1	1	1	1	0	1
1	1	1	0	1	1	1	1	1	1	1	1
1	1	1	1	0	0	0	0	0	0	0	1
1	1	1	1	0	0	0	0	0	0	1	1
1	1	1	1	0	0	0	0	0	1	0	1
1	1	1	1	0	0	0	0	0	1	1	1
1	1	1	1	0	0	0	0	1	0	0	1
1	1	1	1	0	0	0	0	1	0	1	1
1	1	1	1	0	0	0	0	1	1	0	1
1	1	1	1	0	0	0	0	1	1	1	1
1	1	1	1	0	0	0	1	0	0	0	1
1	1	1	1	0	0	0	1	0	0	1	1
1	1	1	1	0	0	0	1	0	1	0	1
1	1	1	1	0	0	0	1	0	1	1	1
1	1	1	1	0	0	0	1	1	0	0	1
1	1	1	1	0	0	0	1	1	0	1	1
1	1	1	1	0	0	0	1	1	1	0	1
1	1	1	1	0	0	0	1	1	1	1	1
1	1	1	1	0	0	1	0	0	0	0	1
1	1	1	1	0	0	1	0	0	0	1	1
1	1	1	1	0	0	1	0	0	1	0	1
1	1	1	1	0	0	1	0	0	1	1	1
1	1	1	1	0	0	1	0	1	0	0	1
1	1	1	1	0	0	1	0	1	0	1	1
1	1	1	1	0	0	1	0	1	1	0	1
1	1	1	1	0	0	1	0	1	1	1	1
1	1	1	1	0	0	1	1	0	0	0	1
1	1	1	1	0	0	1	1	0	0	1	1
1	1	1	1	0	0	1	1	0	1	0	1
1	1	1	1	0	0	1	1	0	1	1	1
1	1	1	1	0	0	1	1	1	0	0	1
1	1	1	1	0	0	1	1	1	0	1	1
1	1	1	1	0	0	1	1	1	1	0	1
1	1	1	1	0	0	1	1	1	1	1	1
1	1	1	1	0	1	0	0	0	0	0	1
1	1	1	1	0	1	0	0	0	0	1	1
1	1	1	1	0	1	0	0	0	1	0	1
1	1	1	1	0	1	0	0	0	1	1	1
1	1	1	1	0	1	0	0	1	0	0	1
1	1	1	1	0	1	0	0	1	0	1	1
1	1	1	1	0	1	0	0	1	1	0	1
1	1	1	1	0	1	0	0	1	1	1	1
1	1	1	1	0	1	0	1	0	0	0	1
1	1	1	1	0	1	0	1	0	0	1	1
1	1	1	1	0	1	0	1	0	1	0	1
1	1	1	1	0	1	0	1	0	1	1	1
1	1	1	1	0	1	0	1	1	0	0	1
1	1	1	1	0	1	0	1	1	0	1	1
1	1	1	1	0	1	0	1	1	1	0	1
1	1	1	1	0	1	0	1	1	1	1	1
1	1	1	1	0	1	1	0	0	0	0	1
1	1	1	1	0	1	1	0	0	0	1	1
1	1	1	1	0	1	1	0	0	1	0	1
1	1	1	1	0	1	1	0	0	1	1	1
1	1	1	1	0	1	1	0	1	0	0	1
1	1	1	1	0	1	1	0	1	0	1	1
1	1	1	1	0	1	1	0	1	1	0	1
1	1	1	1	0	1	1	0	1	1	1	1
1	1	1	1	0	1	1	1	0	0	0	1
1	1	1	1	0	1	1	1	0	0	1	1
1	1	1	1	0	1	1	1	0	1	0	1
1	1	1	1	0	1	1	1	0	1	1	1
1	1	1	1	0	1	1	1	1	0	0	1
1	1	1	1	0	1	1	1	1	0	1	1
1	1	1	1	0	1	1	1	1	1	0	1
1	1	1	1	0	1	1	1	1	1	1	1
1	1	1	1	1	0	0	0	0	0	0	1
1	1	1	1	1	0	0	0	0	0	1	1
1	1	1	1	1	0	0	0	0	1	0	1
1	1	1	1	1	0	0	0	0	1	1	1
1	1	1	1	1	0	0	0	1	0	0	1
1	1	1	1	1	0	0	0	1	0	1	1
1	1	1	1	1	0	0	0	1	1	0	1
1	1	1	1	1	0	0	0	1	1	1	1
1	1	1	1	1	0	0	1	0	0	0	1
1	1	1	1	1	0	0	1	0	0	1	1
1	1	1	1	1	0	0	1	0	1	0	1
1	1	1	1	1	0	0	1	0	1	1	1
1	1	1	1	1	0	0	1	1	0	0	1
1	1	1	1	1	0	0	1	1	0	1	1
1	1	1	1	1	0	0	1	1	1	0	1
1	1	1	1	1	0	0	1	1	1	1	1
1	1	1	1	1	0	1	0	0	0	0	1
1	1	1	1	1	0	1	0	0	0	1	1
1	1	1	1	1	0	1	0	0	1	0	1
1	1	1	1	1	0	1	0	0	1	1	1
1	1	1	1	1	0	1	0	1	0	0	1
1	1	1	1	1	0	1	0	1	0	1	1
1	1	1	1	1	0	1	0	1	1	0	1
1	1	1	1	1	0	1	0	1	1	1	1
1	1	1	1	1	0	1	1	0	0	0	1
1	1	1	1	1	0	1	1	0	0	1	1
1	1	1	1	1	0	1	1	0	1	0	1
1	1	1	1	1	0	1	1	0	1	1	1
1	1	1	1	1	0	1	1	1	0	0	1
1	1	1	1	1	0	1	1	1	0	1	1
1	1	1	1	1	0	1	1	1	1	0	1
1	1	1	1	1	0	1	1	1	1	1	1
1	1	1	1	1	1	0	0	0	0	0	1
1	1	1	1	1	1	0	0	0	0	1	1
1	1	1	1	1	1	0	0	0	1	0	1
1	1	1	1	1	1	0	0	0	1	1	1
1	1	1	1	1	1	0	0	1	0	0	1
1	1	1	1	1	1	0	0	1	0	1	1
1	1	1	1	1	1	0	0	1	1	0	1
1	1	1	1	1	1	0	0	1	1	1	1
1	1	1	1	1	1	0	1	0	0	0	1
1	1	1	1	1	1	0	1	0	0	1	1
1	1	1	1	1	1	0	1	0	1	0	1
1	1	1	1	1	1	0	1	0	1	1	1
1	1	1	1	1	1	0	1	1	0	0	1
1	1	1	1	1	1	0	1	1	0	1	1
1	1	1	1	1	1	0	1	1	1	0	1
1	1	1	1	1	1	0	1	1	1	1	1
1	1	1	1	1	1	1	0	0	0	0	1
1	1	1	1	1	1	1	0	0	0	1	1
1	1	1	1	1	1	1	0	0	1	0	1
1	1	1	1	1	1	1	0	0	1	1	1
1	1	1	1	1	1	1	0	1	0	0	1
1	1	1	1	1	1	1	0	1	0	1	1
1	1	1	1	1	1	1	0	1	1	0	1
1	1	1	1	1	1	1	0	1	1	1	1
1	1	1	1	1	1	1	1	0	0	0	1
1	1	1	1	1	1	1	1	0	0	1	1
1	1	1	1	1	1	1	1	0	1	0	1
1	1	1	1	1	1	1	1	0	1	1	1
1	1	1	1	1	1	1	1	1	0	0	1
1	1	1	1	1	1	1	1	1	0	1	1
1	1	1	1	1	1	1	1	1	1	0	1
1	1	1	1	1	1	1	1	1	1	1	1
