RhoK	PA	ARF	PI5K	Talin	Src	Fak	Rho	Rac	PI5K
0	0	0	0	0	0	0	0	0	0
0	0	0	0	0	0	0	0	1	0
0	0	0	0	0	0	0	1	0	0
0	0	0	0	0	0	0	1	1	0
0	0	0	0	0	0	1	0	0	0
0	0	0	0	0	0	1	0	1	0
0	0	0	0	0	0	1	1	0	0
0	0	0	0	0	0	1	1	1	0
0	0	0	0	0	1	0	0	0	0
0	0	0	0	0	1	0	0	1	0
0	0	0	0	0	1	0	1	0	0
0	0	0	0	0	1	0	1	1	0
0	0	0	0	0	1	1	0	0	1
0	0	0	0	0	1	1	0	1	1
0	0	0	0	0	1	1	1	0	1
0	0	0	0	0	1	1	1	1	1
0	0	0	0	1	0	0	0	0	0
0	0	0	0	1	0	0	0	1	0
0	0	0	0	1	0	0	1	0	0
0	0	0	0	1	0	0	1	1	0
0	0	0	0	1	0	1	0	0	0
0	0	0	0	1	0	1	0	1	0
0	0	0	0	1	0	1	1	0	0
0	0	0	0	1	0	1	1	1	0
0	0	0	0	1	1	0	0	0	0
0	0	0	0	1	1	0	0	1	0
0	0	0	0	1	1	0	1	0	0
0	0	0	0	1	1	0	1	1	0
0	0	0	0	1	1	1	0	0	0
0	0	0	0	1	1	1	0	1	0
0	0	0	0	1	1	1	1	0	0
0	0	0	0	1	1	1	1	1	0
0	0	0	1	0	0	0	0	0	0
0	0	0	1	0	0	0	0	1	0
0	0	0	1	0	0	0	1	0	0
0	0	0	1	0	0	0	1	1	0
0	0	0	1	0	0	1	0	0	0
0	0	0	1	0	0	1	0	1	0
0	0	0	1	0	0	1	1	0	0
0	0	0	1	0	0	1	1	1	0
0	0	0	1	0	1	0	0	0	0
0	0	0	1	0	1	0	0	1	0
0	0	0	1	0	1	0	1	0	0
0	0	0	1	0	1	0	1	1	0
0	0	0	1	0	1	1	0	0	0
0	0	0	1	0	1	1	0	1	0
0	0	0	1	0	1	1	1	0	0
0	0	0	1	0	1	1	1	1	0
0	0	0	1	1	0	0	0	0	1
0	0	0	1	1	0	0	0	1	1
0	0	0	1	1	0	0	1	0	1
0	0	0	1	1	0	0	1	1	1
0	0	0	1	1	0	1	0	0	1
0	0	0	1	1	0	1	0	1	1
0	0	0	1	1	0	1	1	0	1
0	0	0	1	1	0	1	1	1	1
0	0	0	1	1	1	0	0	0	1
0	0	0	1	1	1	0	0	1	1
0	0	0	1	1	1	0	1	0	1
0	0	0	1	1	1	0	1	1	1
0	0	0	1	1	1	1	0	0	1
0	0	0	1	1	1	1	0	1	1
0	0	0	1	1	1	1	1	0	1
0	0	0	1	1	1	1	1	1	1
0	0	1	0	0	0	0	0	0	1
0	0	1	0	0	0	0	0	1	1
0	0	1	0	0	0	0	1	0	1
0	0	1	0	0	0	0	1	1	1
0	0	1	0	0	0	1	0	0	1
0	0	1	0	0	0	1	0	1	1
0	0	1	0	0	0	1	1	0	1
0	0	1	0	0	0	1	1	1	1
0	0	1	0	0	1	0	0	0	1
0	0	1	0	0	1	0	0	1	1
0	0	1	0	0	1	0	1	0	1
0	0	1	0	0	1	0	1	1	1
0	0	1	0	0	1	1	0	0	1
0	0	1	0	0	1	1	0	1	1
0	0	1	0	0	1	1	1	0	1
0	0	1	0	0	1	1	1	1	1
0	0	1	0	1	0	0	0	0	1
0	0	1	0	1	0	0	0	1	1
0	0	1	0	1	0	0	1	0	1
0	0	1	0	1	0	0	1	1	1
0	0	1	0	1	0	1	0	0	1
0	0	1	0	1	0	1	0	1	1
0	0	1	0	1	0	1	1	0	1
0	0	1	0	1	0	1	1	1	1
0	0	1	0	1	1	0	0	0	1
0	0	1	0	1	1	0	0	1	1
0	0	1	0	1	1	0	1	0	1
0	0	1	0	1	1	0	1	1	1
0	0	1	0	1	1	1	0	0	1
0	0	1	0	1	1	1	0	1	1
0	0	1	0	1	1	1	1	0	1
0	0	1	0	1	1	1	1	1	1
0	0	1	1	0	0	0	0	0	1
0	0	1	1	0	0	0	0	1	1
0	0	1	1	0	0	0	1	0	1
0	0	1	1	0	0	0	1	1	1
0	0	1	1	0	0	1	0	0	1
0	0	1	1	0	0	1	0	1	1
0	0	1	1	0	0	1	1	0	1
0	0	1	1	0	0	1	1	1	1
0	0	1	1	0	1	0	0	0	1
0	0	1	1	0	1	0	0	1	1
0	0	1	1	0	1	0	1	0	1
0	0	1	1	0	1	0	1	1	1
0	0	1	1	0	1	1	0	0	1
0	0	1	1	0	1	1	0	1	1
0	0	1	1	0	1	1	1	0	1
0	0	1	1	0	1	1	1	1	1
0	0	1	1	1	0	0	0	0	1
0	0	1	1	1	0	0	0	1	1
0	0	1	1	1	0	0	1	0	1
0	0	1	1	1	0	0	1	1	1
0	0	1	1	1	0	1	0	0	1
0	0	1	1	1	0	1	0	1	1
0	0	1	1	1	0	1	1	0	1
0	0	1	1	1	0	1	1	1	1
0	0	1	1	1	1	0	0	0	1
0	0	1	1	1	1	0	0	1	1
0	0	1	1	1	1	0	1	0	1
0	0	1	1	1	1	0	1	1	1
0	0	1	1	1	1	1	0	0	1
0	0	1	1	1	1	1	0	1	1
0	0	1	1	1	1	1	1	0	1
0	0	1	1	1	1	1	1	1	1
0	1	0	0	0	0	0	0	0	1
0	1	0	0	0	0	0	0	1	1
0	1	0	0	0	0	0	1	0	1
0	1	0	0	0	0	0	1	1	1
0	1	0	0	0	0	1	0	0	1
0	1	0	0	0	0	1	0	1	1
0	1	0	0	0	0	1	1	0	1
0	1	0	0	0	0	1	1	1	1
0	1	0	0	0	1	0	0	0	1
0	1	0	0	0	1	0	0	1	1
0	1	0	0	0	1	0	1	0	1
0	1	0	0	0	1	0	1	1	1
0	1	0	0	0	1	1	0	0	1
0	1	0	0	0	1	1	0	1	1
0	1	0	0	0	1	1	1	0	1
0	1	0	0	0	1	1	1	1	1
0	1	0	0	1	0	0	0	0	1
0	1	0	0	1	0	0	0	1	1
0	1	0	0	1	0	0	1	0	1
0	1	0	0	1	0	0	1	1	1
0	1	0	0	1	0	1	0	0	1
0	1	0	0	1	0	1	0	1	1
0	1	0	0	1	0	1	1	0	1
0	1	0	0	1	0	1	1	1	1
0	1	0	0	1	1	0	0	0	1
0	1	0	0	1	1	0	0	1	1
0	1	0	0	1	1	0	1	0	1
0	1	0	0	1	1	0	1	1	1
0	1	0	0	1	1	1	0	0	1
0	1	0	0	1	1	1	0	1	1
0	1	0	0	1	1	1	1	0	1
0	1	0	0	1	1	1	1	1	1
0	1	0	1	0	0	0	0	0	1
0	1	0	1	0	0	0	0	1	1
0	1	0	1	0	0	0	1	0	1
0	1	0	1	0	0	0	1	1	1
0	1	0	1	0	0	1	0	0	1
0	1	0	1	0	0	1	0	1	1
0	1	0	1	0	0	1	1	0	1
0	1	0	1	0	0	1	1	1	1
0	1	0	1	0	1	0	0	0	1
0	1	0	1	0	1	0	0	1	1
0	1	0	1	0	1	0	1	0	1
0	1	0	1	0	1	0	1	1	1
0	1	0	1	0	1	1	0	0	1
0	1	0	1	0	1	1	0	1	1
0	1	0	1	0	1	1	1	0	1
0	1	0	1	0	1	1	1	1	1
0	1	0	1	1	0	0	0	0	1
0	1	0	1	1	0	0	0	1	1
0	1	0	1	1	0	0	1	0	1
0	1	0	1	1	0	0	1	1	1
0	1	0	1	1	0	1	0	0	1
0	1	0	1	1	0	1	0	1	1
0	1	0	1	1	0	1	1	0	1
0	1	0	1	1	0	1	1	1	1
0	1	0	1	1	1	0	0	0	1
0	1	0	1	1	1	0	0	1	1
0	1	0	1	1	1	0	1	0	1
0	1	0	1	1	1	0	1	1	1
0	1	0	1	1	1	1	0	0	1
0	1	0	1	1	1	1	0	1	1
0	1	0	1	1	1	1	1	0	1
0	1	0	1	1	1	1	1	1	1
0	1	1	0	0	0	0	0	0	1
0	1	1	0	0	0	0	0	1	1
0	1	1	0	0	0	0	1	0	1
0	1	1	0	0	0	0	1	1	1
0	1	1	0	0	0	1	0	0	1
0	1	1	0	0	0	1	0	1	1
0	1	1	0	0	0	1	1	0	1
0	1	1	0	0	0	1	1	1	1
0	1	1	0	0	1	0	0	0	1
0	1	1	0	0	1	0	0	1	1
0	1	1	0	0	1	0	1	0	1
0	1	1	0	0	1	0	1	1	1
0	1	1	0	0	1	1	0	0	1
0	1	1	0	0	1	1	0	1	1
0	1	1	0	0	1	1	1	0	1
0	1	1	0	0	1	1	1	1	1
0	1	1	0	1	0	0	0	0	1
0	1	1	0	1	0	0	0	1	1
0	1	1	0	1	0	0	1	0	1
0	1	1	0	1	0	0	1	1	1
0	1	1	0	1	0	1	0	0	1
0	1	1	0	1	0	1	0	1	1
0	1	1	0	1	0	1	1	0	1
0	1	1	0	1	0	1	1	1	1
0	1	1	0	1	1	0	0	0	1
0	1	1	0	1	1	0	0	1	1
0	1	1	0	1	1	0	1	0	1
0	1	1	0	1	1	0	1	1	1
0	1	1	0	1	1	1	0	0	1
0	1	1	0	1	1	1	0	1	1
0	1	1	0	1	1	1	1	0	1
0	1	1	0	1	1	1	1	1	1
0	1	1	1	0	0	0	0	0	1
0	1	1	1	0	0	0	0	1	1
0	1	1	1	0	0	0	1	0	1
0	1	1	1	0	0	0	1	1	1
0	1	1	1	0	0	1	0	0	1
0	1	1	1	0	0	1	0	1	1
0	1	1	1	0	0	1	1	0	1
0	1	1	1	0	0	1	1	1	1
0	1	1	1	0	1	0	0	0	1
0	1	1	1	0	1	0	0	1	1
0	1	1	1	0	1	0	1	0	1
0	1	1	1	0	1	0	1	1	1
0	1	1	1	0	1	1	0	0	1
0	1	1	1	0	1	1	0	1	1
0	1	1	1	0	1	1	1	0	1
0	1	1	1	0	1	1	1	1	1
0	1	1	1	1	0	0	0	0	1
0	1	1	1	1	0	0	0	1	1
0	1	1	1	1	0	0	1	0	1
0	1	1	1	1	0	0	1	1	1
0	1	1	1	1	0	1	0	0	1
0	1	1	1	1	0	1	0	1	1
0	1	1	1	1	0	1	1	0	1
0	1	1	1	1	0	1	1	1	1
0	1	1	1	1	1	0	0	0	1
0	1	1	1	1	1	0	0	1	1
0	1	1	1	1	1	0	1	0	1
0	1	1	1	1	1	0	1	1	1
0	1	1	1	1	1	1	0	0	1
0	1	1	1	1	1	1	0	1	1
0	1	1	1	1	1	1	1	0	1
0	1	1	1	1	1	1	1	1	1
1	0	0	0	0	0	0	0	0	1
1	0	0	0	0	0	0	0	1	1
1	0	0	0	0	0	0	1	0	1
1	0	0	0	0	0	0	1	1	1
1	0	0	0	0	0	1	0	0	1
1	0	0	0	0	0	1	0	1	1
1	0	0	0	0	0	1	1	0	1
1	0	0	0	0	0	1	1	1	1
1	0	0	0	0	1	0	0	0	1
1	0	0	0	0	1	0	0	1	1
1	0	0	0	0	1	0	1	0	1
1	0	0	0	0	1	0	1	1	1
1	0	0	0	0	1	1	0	0	1
1	0	0	0	0	1	1	0	1	1
1	0	0	0	0	1	1	1	0	1
1	0	0	0	0	1	1	1	1	1
1	0	0	0	1	0	0	0	0	1
1	0	0	0	1	0	0	0	1	1
1	0	0	0	1	0	0	1	0	1
1	0	0	0	1	0	0	1	1	1
1	0	0	0	1	0	1	0	0	1
1	0	0	0	1	0	1	0	1	1
1	0	0	0	1	0	1	1	0	1
1	0	0	0	1	0	1	1	1	1
1	0	0	0	1	1	0	0	0	1
1	0	0	0	1	1	0	0	1	1
1	0	0	0	1	1	0	1	0	1
1	0	0	0	1	1	0	1	1	1
1	0	0	0	1	1	1	0	0	1
1	0	0	0	1	1	1	0	1	1
1	0	0	0	1	1	1	1	0	1
1	0	0	0	1	1	1	1	1	1
1	0	0	1	0	0	0	0	0	1
1	0	0	1	0	0	0	0	1	1
1	0	0	1	0	0	0	1	0	1
1	0	0	1	0	0	0	1	1	1
1	0	0	1	0	0	1	0	0	1
1	0	0	1	0	0	1	0	1	1
1	0	0	1	0	0	1	1	0	1
1	0	0	1	0	0	1	1	1	1
1	0	0	1	0	1	0	0	0	1
1	0	0	1	0	1	0	0	1	1
1	0	0	1	0	1	0	1	0	1
1	0	0	1	0	1	0	1	1	1
1	0	0	1	0	1	1	0	0	1
1	0	0	1	0	1	1	0	1	1
1	0	0	1	0	1	1	1	0	1
1	0	0	1	0	1	1	1	1	1
1	0	0	1	1	0	0	0	0	1
1	0	0	1	1	0	0	0	1	1
1	0	0	1	1	0	0	1	0	1
1	0	0	1	1	0	0	1	1	1
1	0	0	1	1	0	1	0	0	1
1	0	0	1	1	0	1	0	1	1
1	0	0	1	1	0	1	1	0	1
1	0	0	1	1	0	1	1	1	1
1	0	0	1	1	1	0	0	0	1
1	0	0	1	1	1	0	0	1	1
1	0	0	1	1	1	0	1	0	1
1	0	0	1	1	1	0	1	1	1
1	0	0	1	1	1	1	0	0	1
1	0	0	1	1	1	1	0	1	1
1	0	0	1	1	1	1	1	0	1
1	0	0	1	1	1	1	1	1	1
1	0	1	0	0	0	0	0	0	1
1	0	1	0	0	0	0	0	1	1
1	0	1	0	0	0	0	1	0	1
1	0	1	0	0	0	0	1	1	1
1	0	1	0	0	0	1	0	0	1
1	0	1	0	0	0	1	0	1	1
1	0	1	0	0	0	1	1	0	1
1	0	1	0	0	0	1	1	1	1
1	0	1	0	0	1	0	0	0	1
1	0	1	0	0	1	0	0	1	1
1	0	1	0	0	1	0	1	0	1
1	0	1	0	0	1	0	1	1	1
1	0	1	0	0	1	1	0	0	1
1	0	1	0	0	1	1	0	1	1
1	0	1	0	0	1	1	1	0	1
1	0	1	0	0	1	1	1	1	1
1	0	1	0	1	0	0	0	0	1
1	0	1	0	1	0	0	0	1	1
1	0	1	0	1	0	0	1	0	1
1	0	1	0	1	0	0	1	1	1
1	0	1	0	1	0	1	0	0	1
1	0	1	0	1	0	1	0	1	1
1	0	1	0	1	0	1	1	0	1
1	0	1	0	1	0	1	1	1	1
1	0	1	0	1	1	0	0	0	1
1	0	1	0	1	1	0	0	1	1
1	0	1	0	1	1	0	1	0	1
1	0	1	0	1	1	0	1	1	1
1	0	1	0	1	1	1	0	0	1
1	0	1	0	1	1	1	0	1	1
1	0	1	0	1	1	1	1	0	1
1	0	1	0	1	1	1	1	1	1
1	0	1	1	0	0	0	0	0	1
1	0	1	1	0	0	0	0	1	1
1	0	1	1	0	0	0	1	0	1
1	0	1	1	0	0	0	1	1	1
1	0	1	1	0	0	1	0	0	1
1	0	1	1	0	0	1	0	1	1
1	0	1	1	0	0	1	1	0	1
1	0	1	1	0	0	1	1	1	1
1	0	1	1	0	1	0	0	0	1
1	0	1	1	0	1	0	0	1	1
1	0	1	1	0	1	0	1	0	1
1	0	1	1	0	1	0	1	1	1
1	0	1	1	0	1	1	0	0	1
1	0	1	1	0	1	1	0	1	1
1	0	1	1	0	1	1	1	0	1
1	0	1	1	0	1	1	1	1	1
1	0	1	1	1	0	0	0	0	1
1	0	1	1	1	0	0	0	1	1
1	0	1	1	1	0	0	1	0	1
1	0	1	1	1	0	0	1	1	1
1	0	1	1	1	0	1	0	0	1
1	0	1	1	1	0	1	0	1	1
1	0	1	1	1	0	1	1	0	1
1	0	1	1	1	0	1	1	1	1
1	0	1	1	1	1	0	0	0	1
1	0	1	1	1	1	0	0	1	1
1	0	1	1	1	1	0	1	0	1
1	0	1	1	1	1	0	1	1	1
1	0	1	1	1	1	1	0	0	1
1	0	1	1	1	1	1	0	1	1
1	0	1	1	1	1	1	1	0	1
1	0	1	1	1	1	1	1	1	1
1	1	0	0	0	0	0	0	0	1
1	1	0	0	0	0	0	0	1	1
1	1	0	0	0	0	0	1	0	1
1	1	0	0	0	0	0	1	1	1
1	1	0	0	0	0	1	0	0	1
1	1	0	0	0	0	1	0	1	1
1	1	0	0	0	0	1	1	0	1
1	1	0	0	0	0	1	1	1	1
1	1	0	0	0	1	0	0	0	1
1	1	0	0	0	1	0	0	1	1
1	1	0	0	0	1	0	1	0	1
1	1	0	0	0	1	0	1	1	1
1	1	0	0	0	1	1	0	0	1
1	1	0	0	0	1	1	0	1	1
1	1	0	0	0	1	1	1	0	1
1	1	0	0	0	1	1	1	1	1
1	1	0	0	1	0	0	0	0	1
1	1	0	0	1	0	0	0	1	1
1	1	0	0	1	0	0	1	0	1
1	1	0	0	1	0	0	1	1	1
1	1	0	0	1	0	1	0	0	1
1	1	0	0	1	0	1	0	1	1
1	1	0	0	1	0	1	1	0	1
1	1	0	0	1	0	1	1	1	1
1	1	0	0	1	1	0	0	0	1
1	1	0	0	1	1	0	0	1	1
1	1	0	0	1	1	0	1	0	1
1	1	0	0	1	1	0	1	1	1
1	1	0	0	1	1	1	0	0	1
1	1	0	0	1	1	1	0	1	1
1	1	0	0	1	1	1	1	0	1
1	1	0	0	1	1	1	1	1	1
1	1	0	1	0	0	0	0	0	1
1	1	0	1	0	0	0	0	1	1
1	1	0	1	0	0	0	1	0	1
1	1	0	1	0	0	0	1	1	1
1	1	0	1	0	0	1	0	0	1
1	1	0	1	0	0	1	0	1	1
1	1	0	1	0	0	1	1	0	1
1	1	0	1	0	0	1	1	1	1
1	1	0	1	0	1	0	0	0	1
1	1	0	1	0	1	0	0	1	1
1	1	0	1	0	1	0	1	0	1
1	1	0	1	0	1	0	1	1	1
1	1	0	1	0	1	1	0	0	1
1	1	0	1	0	1	1	0	1	1
1	1	0	1	0	1	1	1	0	1
1	1	0	1	0	1	1	1	1	1
1	1	0	1	1	0	0	0	0	1
1	1	0	1	1	0	0	0	1	1
1	1	0	1	1	0	0	1	0	1
1	1	0	1	1	0	0	1	1	1
1	1	0	1	1	0	1	0	0	1
1	1	0	1	1	0	1	0	1	1
1	1	0	1	1	0	1	1	0	1
1	1	0	1	1	0	1	1	1	1
1	1	0	1	1	1	0	0	0	1
1	1	0	1	1	1	0	0	1	1
1	1	0	1	1	1	0	1	0	1
1	1	0	1	1	1	0	1	1	1
1	1	0	1	1	1	1	0	0	1
1	1	0	1	1	1	1	0	1	1
1	1	0	1	1	1	1	1	0	1
1	1	0	1	1	1	1	1	1	1
1	1	1	0	0	0	0	0	0	1
1	1	1	0	0	0	0	0	1	1
1	1	1	0	0	0	0	1	0	1
1	1	1	0	0	0	0	1	1	1
1	1	1	0	0	0	1	0	0	1
1	1	1	0	0	0	1	0	1	1
1	1	1	0	0	0	1	1	0	1
1	1	1	0	0	0	1	1	1	1
1	1	1	0	0	1	0	0	0	1
1	1	1	0	0	1	0	0	1	1
1	1	1	0	0	1	0	1	0	1
1	1	1	0	0	1	0	1	1	1
1	1	1	0	0	1	1	0	0	1
1	1	1	0	0	1	1	0	1	1
1	1	1	0	0	1	1	1	0	1
1	1	1	0	0	1	1	1	1	1
1	1	1	0	1	0	0	0	0	1
1	1	1	0	1	0	0	0	1	1
1	1	1	0	1	0	0	1	0	1
1	1	1	0	1	0	0	1	1	1
1	1	1	0	1	0	1	0	0	1
1	1	1	0	1	0	1	0	1	1
1	1	1	0	1	0	1	1	0	1
1	1	1	0	1	0	1	1	1	1
1	1	1	0	1	1	0	0	0	1
1	1	1	0	1	1	0	0	1	1
1	1	1	0	1	1	0	1	0	1
1	1	1	0	1	1	0	1	1	1
1	1	1	0	1	1	1	0	0	1
1	1	1	0	1	1	1	0	1	1
1	1	1	0	1	1	1	1	0	1
1	1	1	0	1	1	1	1	1	1
1	1	1	1	0	0	0	0	0	1
1	1	1	1	0	0	0	0	1	1
1	1	1	1	0	0	0	1	0	1
1	1	1	1	0	0	0	1	1	1
1	1	1	1	0	0	1	0	0	1
1	1	1	1	0	0	1	0	1	1
1	1	1	1	0	0	1	1	0	1
1	1	1	1	0	0	1	1	1	1
1	1	1	1	0	1	0	0	0	1
1	1	1	1	0	1	0	0	1	1
1	1	1	1	0	1	0	1	0	1
1	1	1	1	0	1	0	1	1	1
1	1	1	1	0	1	1	0	0	1
1	1	1	1	0	1	1	0	1	1
1	1	1	1	0	1	1	1	0	1
1	1	1	1	0	1	1	1	1	1
1	1	1	1	1	0	0	0	0	1
1	1	1	1	1	0	0	0	1	1
1	1	1	1	1	0	0	1	0	1
1	1	1	1	1	0	0	1	1	1
1	1	1	1	1	0	1	0	0	1
1	1	1	1	1	0	1	0	1	1
1	1	1	1	1	0	1	1	0	1
1	1	1	1	1	0	1	1	1	1
1	1	1	1	1	1	0	0	0	1
1	1	1	1	1	1	0	0	1	1
1	1	1	1	1	1	0	1	0	1
1	1	1	1	1	1	0	1	1	1
1	1	1	1	1	1	1	0	0	1
1	1	1	1	1	1	1	0	1	1
1	1	1	1	1	1	1	1	0	1
1	1	1	1	1	1	1	1	1	1
