Actin	PIP3_345	PIP2_45	ARF	Ral	PKC	Rac	Rho	Cdc42	PLD
0	0	0	0	0	0	0	0	0	0
0	0	0	0	0	0	0	0	1	0
0	0	0	0	0	0	0	1	0	0
0	0	0	0	0	0	0	1	1	0
0	0	0	0	0	0	1	0	0	0
0	0	0	0	0	0	1	0	1	0
0	0	0	0	0	0	1	1	0	0
0	0	0	0	0	0	1	1	1	0
0	0	0	0	0	1	0	0	0	0
0	0	0	0	0	1	0	0	1	0
0	0	0	0	0	1	0	1	0	0
0	0	0	0	0	1	0	1	1	0
0	0	0	0	0	1	1	0	0	0
0	0	0	0	0	1	1	0	1	0
0	0	0	0	0	1	1	1	0	0
0	0	0	0	0	1	1	1	1	0
0	0	0	0	1	0	0	0	0	0
0	0	0	0	1	0	0	0	1	0
0	0	0	0	1	0	0	1	0	0
0	0	0	0	1	0	0	1	1	0
0	0	0	0	1	0	1	0	0	0
0	0	0	0	1	0	1	0	1	0
0	0	0	0	1	0	1	1	0	0
0	0	0	0	1	0	1	1	1	0
0	0	0	0	1	1	0	0	0	0
0	0	0	0	1	1	0	0	1	0
0	0	0	0	1	1	0	1	0	0
0	0	0	0	1	1	0	1	1	0
0	0	0	0	1	1	1	0	0	0
0	0	0	0	1	1	1	0	1	0
0	0	0	0	1	1	1	1	0	0
0	0	0	0	1	1	1	1	1	0
0	0	0	1	0	0	0	0	0	0
0	0	0	1	0	0	0	0	1	0
0	0	0	1	0	0	0	1	0	0
0	0	0	1	0	0	0	1	1	0
0	0	0	1	0	0	1	0	0	0
0	0	0	1	0	0	1	0	1	0
0	0	0	1	0	0	1	1	0	0
0	0	0	1	0	0	1	1	1	0
0	0	0	1	0	1	0	0	0	0
0	0	0	1	0	1	0	0	1	0
0	0	0	1	0	1	0	1	0	0
0	0	0	1	0	1	0	1	1	0
0	0	0	1	0	1	1	0	0	0
0	0	0	1	0	1	1	0	1	0
0	0	0	1	0	1	1	1	0	0
0	0	0	1	0	1	1	1	1	0
0	0	0	1	1	0	0	0	0	0
0	0	0	1	1	0	0	0	1	0
0	0	0	1	1	0	0	1	0	0
0	0	0	1	1	0	0	1	1	0
0	0	0	1	1	0	1	0	0	0
0	0	0	1	1	0	1	0	1	0
0	0	0	1	1	0	1	1	0	0
0	0	0	1	1	0	1	1	1	0
0	0	0	1	1	1	0	0	0	0
0	0	0	1	1	1	0	0	1	0
0	0	0	1	1	1	0	1	0	0
0	0	0	1	1	1	0	1	1	0
0	0	0	1	1	1	1	0	0	0
0	0	0	1	1	1	1	0	1	0
0	0	0	1	1	1	1	1	0	0
0	0	0	1	1	1	1	1	1	0
0	0	1	0	0	0	0	0	0	0
0	0	1	0	0	0	0	0	1	0
0	0	1	0	0	0	0	1	0	0
0	0	1	0	0	0	0	1	1	0
0	0	1	0	0	0	1	0	0	0
0	0	1	0	0	0	1	0	1	0
0	0	1	0	0	0	1	1	0	0
0	0	1	0	0	0	1	1	1	0
0	0	1	0	0	1	0	0	0	0
0	0	1	0	0	1	0	0	1	0
0	0	1	0	0	1	0	1	0	0
0	0	1	0	0	1	0	1	1	0
0	0	1	0	0	1	1	0	0	0
0	0	1	0	0	1	1	0	1	0
0	0	1	0	0	1	1	1	0	0
0	0	1	0	0	1	1	1	1	0
0	0	1	0	1	0	0	0	0	0
0	0	1	0	1	0	0	0	1	0
0	0	1	0	1	0	0	1	0	0
0	0	1	0	1	0	0	1	1	0
0	0	1	0	1	0	1	0	0	0
0	0	1	0	1	0	1	0	1	0
0	0	1	0	1	0	1	1	0	0
0	0	1	0	1	0	1	1	1	0
0	0	1	0	1	1	0	0	0	0
0	0	1	0	1	1	0	0	1	0
0	0	1	0	1	1	0	1	0	0
0	0	1	0	1	1	0	1	1	0
0	0	1	0	1	1	1	0	0	0
0	0	1	0	1	1	1	0	1	0
0	0	1	0	1	1	1	1	0	0
0	0	1	0	1	1	1	1	1	0
0	0	1	1	0	0	0	0	0	1
0	0	1	1	0	0	0	0	1	1
0	0	1	1	0	0	0	1	0	1
0	0	1	1	0	0	0	1	1	1
0	0	1	1	0	0	1	0	0	1
0	0	1	1	0	0	1	0	1	1
0	0	1	1	0	0	1	1	0	1
0	0	1	1	0	0	1	1	1	1
0	0	1	1	0	1	0	0	0	1
0	0	1	1	0	1	0	0	1	1
0	0	1	1	0	1	0	1	0	1
0	0	1	1	0	1	0	1	1	1
0	0	1	1	0	1	1	0	0	1
0	0	1	1	0	1	1	0	1	1
0	0	1	1	0	1	1	1	0	1
0	0	1	1	0	1	1	1	1	1
0	0	1	1	1	0	0	0	0	1
0	0	1	1	1	0	0	0	1	1
0	0	1	1	1	0	0	1	0	1
0	0	1	1	1	0	0	1	1	1
0	0	1	1	1	0	1	0	0	1
0	0	1	1	1	0	1	0	1	1
0	0	1	1	1	0	1	1	0	1
0	0	1	1	1	0	1	1	1	1
0	0	1	1	1	1	0	0	0	1
0	0	1	1	1	1	0	0	1	1
0	0	1	1	1	1	0	1	0	1
0	0	1	1	1	1	0	1	1	1
0	0	1	1	1	1	1	0	0	1
0	0	1	1	1	1	1	0	1	1
0	0	1	1	1	1	1	1	0	1
0	0	1	1	1	1	1	1	1	1
0	1	0	0	0	0	0	0	0	0
0	1	0	0	0	0	0	0	1	0
0	1	0	0	0	0	0	1	0	0
0	1	0	0	0	0	0	1	1	0
0	1	0	0	0	0	1	0	0	0
0	1	0	0	0	0	1	0	1	0
0	1	0	0	0	0	1	1	0	0
0	1	0	0	0	0	1	1	1	0
0	1	0	0	0	1	0	0	0	0
0	1	0	0	0	1	0	0	1	0
0	1	0	0	0	1	0	1	0	0
0	1	0	0	0	1	0	1	1	0
0	1	0	0	0	1	1	0	0	0
0	1	0	0	0	1	1	0	1	0
0	1	0	0	0	1	1	1	0	0
0	1	0	0	0	1	1	1	1	0
0	1	0	0	1	0	0	0	0	0
0	1	0	0	1	0	0	0	1	0
0	1	0	0	1	0	0	1	0	0
0	1	0	0	1	0	0	1	1	0
0	1	0	0	1	0	1	0	0	0
0	1	0	0	1	0	1	0	1	0
0	1	0	0	1	0	1	1	0	0
0	1	0	0	1	0	1	1	1	0
0	1	0	0	1	1	0	0	0	0
0	1	0	0	1	1	0	0	1	0
0	1	0	0	1	1	0	1	0	0
0	1	0	0	1	1	0	1	1	0
0	1	0	0	1	1	1	0	0	0
0	1	0	0	1	1	1	0	1	0
0	1	0	0	1	1	1	1	0	0
0	1	0	0	1	1	1	1	1	0
0	1	0	1	0	0	0	0	0	1
0	1	0	1	0	0	0	0	1	1
0	1	0	1	0	0	0	1	0	1
0	1	0	1	0	0	0	1	1	1
0	1	0	1	0	0	1	0	0	1
0	1	0	1	0	0	1	0	1	1
0	1	0	1	0	0	1	1	0	1
0	1	0	1	0	0	1	1	1	1
0	1	0	1	0	1	0	0	0	1
0	1	0	1	0	1	0	0	1	1
0	1	0	1	0	1	0	1	0	1
0	1	0	1	0	1	0	1	1	1
0	1	0	1	0	1	1	0	0	1
0	1	0	1	0	1	1	0	1	1
0	1	0	1	0	1	1	1	0	1
0	1	0	1	0	1	1	1	1	1
0	1	0	1	1	0	0	0	0	1
0	1	0	1	1	0	0	0	1	1
0	1	0	1	1	0	0	1	0	1
0	1	0	1	1	0	0	1	1	1
0	1	0	1	1	0	1	0	0	1
0	1	0	1	1	0	1	0	1	1
0	1	0	1	1	0	1	1	0	1
0	1	0	1	1	0	1	1	1	1
0	1	0	1	1	1	0	0	0	1
0	1	0	1	1	1	0	0	1	1
0	1	0	1	1	1	0	1	0	1
0	1	0	1	1	1	0	1	1	1
0	1	0	1	1	1	1	0	0	1
0	1	0	1	1	1	1	0	1	1
0	1	0	1	1	1	1	1	0	1
0	1	0	1	1	1	1	1	1	1
0	1	1	0	0	0	0	0	0	0
0	1	1	0	0	0	0	0	1	0
0	1	1	0	0	0	0	1	0	0
0	1	1	0	0	0	0	1	1	0
0	1	1	0	0	0	1	0	0	0
0	1	1	0	0	0	1	0	1	0
0	1	1	0	0	0	1	1	0	0
0	1	1	0	0	0	1	1	1	0
0	1	1	0	0	1	0	0	0	0
0	1	1	0	0	1	0	0	1	0
0	1	1	0	0	1	0	1	0	0
0	1	1	0	0	1	0	1	1	0
0	1	1	0	0	1	1	0	0	0
0	1	1	0	0	1	1	0	1	0
0	1	1	0	0	1	1	1	0	0
0	1	1	0	0	1	1	1	1	0
0	1	1	0	1	0	0	0	0	0
0	1	1	0	1	0	0	0	1	0
0	1	1	0	1	0	0	1	0	0
0	1	1	0	1	0	0	1	1	0
0	1	1	0	1	0	1	0	0	0
0	1	1	0	1	0	1	0	1	0
0	1	1	0	1	0	1	1	0	0
0	1	1	0	1	0	1	1	1	0
0	1	1	0	1	1	0	0	0	0
0	1	1	0	1	1	0	0	1	0
0	1	1	0	1	1	0	1	0	0
0	1	1	0	1	1	0	1	1	0
0	1	1	0	1	1	1	0	0	0
0	1	1	0	1	1	1	0	1	0
0	1	1	0	1	1	1	1	0	0
0	1	1	0	1	1	1	1	1	0
0	1	1	1	0	0	0	0	0	1
0	1	1	1	0	0	0	0	1	1
0	1	1	1	0	0	0	1	0	1
0	1	1	1	0	0	0	1	1	1
0	1	1	1	0	0	1	0	0	1
0	1	1	1	0	0	1	0	1	1
0	1	1	1	0	0	1	1	0	1
0	1	1	1	0	0	1	1	1	1
0	1	1	1	0	1	0	0	0	1
0	1	1	1	0	1	0	0	1	1
0	1	1	1	0	1	0	1	0	1
0	1	1	1	0	1	0	1	1	1
0	1	1	1	0	1	1	0	0	1
0	1	1	1	0	1	1	0	1	1
0	1	1	1	0	1	1	1	0	1
0	1	1	1	0	1	1	1	1	1
0	1	1	1	1	0	0	0	0	1
0	1	1	1	1	0	0	0	1	1
0	1	1	1	1	0	0	1	0	1
0	1	1	1	1	0	0	1	1	1
0	1	1	1	1	0	1	0	0	1
0	1	1	1	1	0	1	0	1	1
0	1	1	1	1	0	1	1	0	1
0	1	1	1	1	0	1	1	1	1
0	1	1	1	1	1	0	0	0	1
0	1	1	1	1	1	0	0	1	1
0	1	1	1	1	1	0	1	0	1
0	1	1	1	1	1	0	1	1	1
0	1	1	1	1	1	1	0	0	1
0	1	1	1	1	1	1	0	1	1
0	1	1	1	1	1	1	1	0	1
0	1	1	1	1	1	1	1	1	1
1	0	0	0	0	0	0	0	0	0
1	0	0	0	0	0	0	0	1	0
1	0	0	0	0	0	0	1	0	0
1	0	0	0	0	0	0	1	1	0
1	0	0	0	0	0	1	0	0	0
1	0	0	0	0	0	1	0	1	0
1	0	0	0	0	0	1	1	0	0
1	0	0	0	0	0	1	1	1	0
1	0	0	0	0	1	0	0	0	0
1	0	0	0	0	1	0	0	1	0
1	0	0	0	0	1	0	1	0	0
1	0	0	0	0	1	0	1	1	0
1	0	0	0	0	1	1	0	0	0
1	0	0	0	0	1	1	0	1	0
1	0	0	0	0	1	1	1	0	0
1	0	0	0	0	1	1	1	1	0
1	0	0	0	1	0	0	0	0	0
1	0	0	0	1	0	0	0	1	0
1	0	0	0	1	0	0	1	0	0
1	0	0	0	1	0	0	1	1	0
1	0	0	0	1	0	1	0	0	0
1	0	0	0	1	0	1	0	1	0
1	0	0	0	1	0	1	1	0	0
1	0	0	0	1	0	1	1	1	0
1	0	0	0	1	1	0	0	0	0
1	0	0	0	1	1	0	0	1	0
1	0	0	0	1	1	0	1	0	0
1	0	0	0	1	1	0	1	1	0
1	0	0	0	1	1	1	0	0	0
1	0	0	0	1	1	1	0	1	0
1	0	0	0	1	1	1	1	0	0
1	0	0	0	1	1	1	1	1	0
1	0	0	1	0	0	0	0	0	0
1	0	0	1	0	0	0	0	1	0
1	0	0	1	0	0	0	1	0	0
1	0	0	1	0	0	0	1	1	0
1	0	0	1	0	0	1	0	0	0
1	0	0	1	0	0	1	0	1	0
1	0	0	1	0	0	1	1	0	0
1	0	0	1	0	0	1	1	1	0
1	0	0	1	0	1	0	0	0	0
1	0	0	1	0	1	0	0	1	0
1	0	0	1	0	1	0	1	0	0
1	0	0	1	0	1	0	1	1	0
1	0	0	1	0	1	1	0	0	0
1	0	0	1	0	1	1	0	1	0
1	0	0	1	0	1	1	1	0	0
1	0	0	1	0	1	1	1	1	0
1	0	0	1	1	0	0	0	0	0
1	0	0	1	1	0	0	0	1	0
1	0	0	1	1	0	0	1	0	0
1	0	0	1	1	0	0	1	1	0
1	0	0	1	1	0	1	0	0	0
1	0	0	1	1	0	1	0	1	0
1	0	0	1	1	0	1	1	0	0
1	0	0	1	1	0	1	1	1	0
1	0	0	1	1	1	0	0	0	0
1	0	0	1	1	1	0	0	1	0
1	0	0	1	1	1	0	1	0	0
1	0	0	1	1	1	0	1	1	0
1	0	0	1	1	1	1	0	0	0
1	0	0	1	1	1	1	0	1	0
1	0	0	1	1	1	1	1	0	0
1	0	0	1	1	1	1	1	1	0
1	0	1	0	0	0	0	0	0	0
1	0	1	0	0	0	0	0	1	1
1	0	1	0	0	0	0	1	0	1
1	0	1	0	0	0	0	1	1	1
1	0	1	0	0	0	1	0	0	1
1	0	1	0	0	0	1	0	1	1
1	0	1	0	0	0	1	1	0	1
1	0	1	0	0	0	1	1	1	1
1	0	1	0	0	1	0	0	0	1
1	0	1	0	0	1	0	0	1	1
1	0	1	0	0	1	0	1	0	1
1	0	1	0	0	1	0	1	1	1
1	0	1	0	0	1	1	0	0	1
1	0	1	0	0	1	1	0	1	1
1	0	1	0	0	1	1	1	0	1
1	0	1	0	0	1	1	1	1	1
1	0	1	0	1	0	0	0	0	0
1	0	1	0	1	0	0	0	1	1
1	0	1	0	1	0	0	1	0	1
1	0	1	0	1	0	0	1	1	1
1	0	1	0	1	0	1	0	0	1
1	0	1	0	1	0	1	0	1	1
1	0	1	0	1	0	1	1	0	1
1	0	1	0	1	0	1	1	1	1
1	0	1	0	1	1	0	0	0	1
1	0	1	0	1	1	0	0	1	1
1	0	1	0	1	1	0	1	0	1
1	0	1	0	1	1	0	1	1	1
1	0	1	0	1	1	1	0	0	1
1	0	1	0	1	1	1	0	1	1
1	0	1	0	1	1	1	1	0	1
1	0	1	0	1	1	1	1	1	1
1	0	1	1	0	0	0	0	0	1
1	0	1	1	0	0	0	0	1	1
1	0	1	1	0	0	0	1	0	1
1	0	1	1	0	0	0	1	1	1
1	0	1	1	0	0	1	0	0	1
1	0	1	1	0	0	1	0	1	1
1	0	1	1	0	0	1	1	0	1
1	0	1	1	0	0	1	1	1	1
1	0	1	1	0	1	0	0	0	1
1	0	1	1	0	1	0	0	1	1
1	0	1	1	0	1	0	1	0	1
1	0	1	1	0	1	0	1	1	1
1	0	1	1	0	1	1	0	0	1
1	0	1	1	0	1	1	0	1	1
1	0	1	1	0	1	1	1	0	1
1	0	1	1	0	1	1	1	1	1
1	0	1	1	1	0	0	0	0	1
1	0	1	1	1	0	0	0	1	1
1	0	1	1	1	0	0	1	0	1
1	0	1	1	1	0	0	1	1	1
1	0	1	1	1	0	1	0	0	1
1	0	1	1	1	0	1	0	1	1
1	0	1	1	1	0	1	1	0	1
1	0	1	1	1	0	1	1	1	1
1	0	1	1	1	1	0	0	0	1
1	0	1	1	1	1	0	0	1	1
1	0	1	1	1	1	0	1	0	1
1	0	1	1	1	1	0	1	1	1
1	0	1	1	1	1	1	0	0	1
1	0	1	1	1	1	1	0	1	1
1	0	1	1	1	1	1	1	0	1
1	0	1	1	1	1	1	1	1	1
1	1	0	0	0	0	0	0	0	0
1	1	0	0	0	0	0	0	1	1
1	1	0	0	0	0	0	1	0	1
1	1	0	0	0	0	0	1	1	1
1	1	0	0	0	0	1	0	0	1
1	1	0	0	0	0	1	0	1	1
1	1	0	0	0	0	1	1	0	1
1	1	0	0	0	0	1	1	1	1
1	1	0	0	0	1	0	0	0	1
1	1	0	0	0	1	0	0	1	1
1	1	0	0	0	1	0	1	0	1
1	1	0	0	0	1	0	1	1	1
1	1	0	0	0	1	1	0	0	1
1	1	0	0	0	1	1	0	1	1
1	1	0	0	0	1	1	1	0	1
1	1	0	0	0	1	1	1	1	1
1	1	0	0	1	0	0	0	0	0
1	1	0	0	1	0	0	0	1	1
1	1	0	0	1	0	0	1	0	1
1	1	0	0	1	0	0	1	1	1
1	1	0	0	1	0	1	0	0	1
1	1	0	0	1	0	1	0	1	1
1	1	0	0	1	0	1	1	0	1
1	1	0	0	1	0	1	1	1	1
1	1	0	0	1	1	0	0	0	1
1	1	0	0	1	1	0	0	1	1
1	1	0	0	1	1	0	1	0	1
1	1	0	0	1	1	0	1	1	1
1	1	0	0	1	1	1	0	0	1
1	1	0	0	1	1	1	0	1	1
1	1	0	0	1	1	1	1	0	1
1	1	0	0	1	1	1	1	1	1
1	1	0	1	0	0	0	0	0	1
1	1	0	1	0	0	0	0	1	1
1	1	0	1	0	0	0	1	0	1
1	1	0	1	0	0	0	1	1	1
1	1	0	1	0	0	1	0	0	1
1	1	0	1	0	0	1	0	1	1
1	1	0	1	0	0	1	1	0	1
1	1	0	1	0	0	1	1	1	1
1	1	0	1	0	1	0	0	0	1
1	1	0	1	0	1	0	0	1	1
1	1	0	1	0	1	0	1	0	1
1	1	0	1	0	1	0	1	1	1
1	1	0	1	0	1	1	0	0	1
1	1	0	1	0	1	1	0	1	1
1	1	0	1	0	1	1	1	0	1
1	1	0	1	0	1	1	1	1	1
1	1	0	1	1	0	0	0	0	1
1	1	0	1	1	0	0	0	1	1
1	1	0	1	1	0	0	1	0	1
1	1	0	1	1	0	0	1	1	1
1	1	0	1	1	0	1	0	0	1
1	1	0	1	1	0	1	0	1	1
1	1	0	1	1	0	1	1	0	1
1	1	0	1	1	0	1	1	1	1
1	1	0	1	1	1	0	0	0	1
1	1	0	1	1	1	0	0	1	1
1	1	0	1	1	1	0	1	0	1
1	1	0	1	1	1	0	1	1	1
1	1	0	1	1	1	1	0	0	1
1	1	0	1	1	1	1	0	1	1
1	1	0	1	1	1	1	1	0	1
1	1	0	1	1	1	1	1	1	1
1	1	1	0	0	0	0	0	0	0
1	1	1	0	0	0	0	0	1	1
1	1	1	0	0	0	0	1	0	1
1	1	1	0	0	0	0	1	1	1
1	1	1	0	0	0	1	0	0	1
1	1	1	0	0	0	1	0	1	1
1	1	1	0	0	0	1	1	0	1
1	1	1	0	0	0	1	1	1	1
1	1	1	0	0	1	0	0	0	1
1	1	1	0	0	1	0	0	1	1
1	1	1	0	0	1	0	1	0	1
1	1	1	0	0	1	0	1	1	1
1	1	1	0	0	1	1	0	0	1
1	1	1	0	0	1	1	0	1	1
1	1	1	0	0	1	1	1	0	1
1	1	1	0	0	1	1	1	1	1
1	1	1	0	1	0	0	0	0	0
1	1	1	0	1	0	0	0	1	1
1	1	1	0	1	0	0	1	0	1
1	1	1	0	1	0	0	1	1	1
1	1	1	0	1	0	1	0	0	1
1	1	1	0	1	0	1	0	1	1
1	1	1	0	1	0	1	1	0	1
1	1	1	0	1	0	1	1	1	1
1	1	1	0	1	1	0	0	0	1
1	1	1	0	1	1	0	0	1	1
1	1	1	0	1	1	0	1	0	1
1	1	1	0	1	1	0	1	1	1
1	1	1	0	1	1	1	0	0	1
1	1	1	0	1	1	1	0	1	1
1	1	1	0	1	1	1	1	0	1
1	1	1	0	1	1	1	1	1	1
1	1	1	1	0	0	0	0	0	1
1	1	1	1	0	0	0	0	1	1
1	1	1	1	0	0	0	1	0	1
1	1	1	1	0	0	0	1	1	1
1	1	1	1	0	0	1	0	0	1
1	1	1	1	0	0	1	0	1	1
1	1	1	1	0	0	1	1	0	1
1	1	1	1	0	0	1	1	1	1
1	1	1	1	0	1	0	0	0	1
1	1	1	1	0	1	0	0	1	1
1	1	1	1	0	1	0	1	0	1
1	1	1	1	0	1	0	1	1	1
1	1	1	1	0	1	1	0	0	1
1	1	1	1	0	1	1	0	1	1
1	1	1	1	0	1	1	1	0	1
1	1	1	1	0	1	1	1	1	1
1	1	1	1	1	0	0	0	0	1
1	1	1	1	1	0	0	0	1	1
1	1	1	1	1	0	0	1	0	1
1	1	1	1	1	0	0	1	1	1
1	1	1	1	1	0	1	0	0	1
1	1	1	1	1	0	1	0	1	1
1	1	1	1	1	0	1	1	0	1
1	1	1	1	1	0	1	1	1	1
1	1	1	1	1	1	0	0	0	1
1	1	1	1	1	1	0	0	1	1
1	1	1	1	1	1	0	1	0	1
1	1	1	1	1	1	0	1	1	1
1	1	1	1	1	1	1	0	0	1
1	1	1	1	1	1	1	0	1	1
1	1	1	1	1	1	1	1	0	1
1	1	1	1	1	1	1	1	1	1
