Erk	Akt	PKA	Raf	Ras	Raf_Loc	Src	RKIP	PAK	Raf
0	0	0	0	0	0	0	0	0	0
0	0	0	0	0	0	0	0	1	0
0	0	0	0	0	0	0	1	0	0
0	0	0	0	0	0	0	1	1	0
0	0	0	0	0	0	1	0	0	0
0	0	0	0	0	0	1	0	1	0
0	0	0	0	0	0	1	1	0	0
0	0	0	0	0	0	1	1	1	0
0	0	0	0	0	1	0	0	0	0
0	0	0	0	0	1	0	0	1	0
0	0	0	0	0	1	0	1	0	0
0	0	0	0	0	1	0	1	1	0
0	0	0	0	0	1	1	0	0	0
0	0	0	0	0	1	1	0	1	0
0	0	0	0	0	1	1	1	0	0
0	0	0	0	0	1	1	1	1	1
0	0	0	0	1	0	0	0	0	0
0	0	0	0	1	0	0	0	1	0
0	0	0	0	1	0	0	1	0	0
0	0	0	0	1	0	0	1	1	0
0	0	0	0	1	0	1	0	0	0
0	0	0	0	1	0	1	0	1	0
0	0	0	0	1	0	1	1	0	0
0	0	0	0	1	0	1	1	1	0
0	0	0	0	1	1	0	0	0	0
0	0	0	0	1	1	0	0	1	0
0	0	0	0	1	1	0	1	0	0
0	0	0	0	1	1	0	1	1	0
0	0	0	0	1	1	1	0	0	0
0	0	0	0	1	1	1	0	1	0
0	0	0	0	1	1	1	1	0	0
0	0	0	0	1	1	1	1	1	1
0	0	0	1	0	0	0	0	0	1
0	0	0	1	0	0	0	0	1	1
0	0	0	1	0	0	0	1	0	1
0	0	0	1	0	0	0	1	1	1
0	0	0	1	0	0	1	0	0	1
0	0	0	1	0	0	1	0	1	1
0	0	0	1	0	0	1	1	0	1
0	0	0	1	0	0	1	1	1	1
0	0	0	1	0	1	0	0	0	1
0	0	0	1	0	1	0	0	1	1
0	0	0	1	0	1	0	1	0	1
0	0	0	1	0	1	0	1	1	1
0	0	0	1	0	1	1	0	0	1
0	0	0	1	0	1	1	0	1	1
0	0	0	1	0	1	1	1	0	1
0	0	0	1	0	1	1	1	1	1
0	0	0	1	1	0	0	0	0	1
0	0	0	1	1	0	0	0	1	1
0	0	0	1	1	0	0	1	0	1
0	0	0	1	1	0	0	1	1	1
0	0	0	1	1	0	1	0	0	1
0	0	0	1	1	0	1	0	1	1
0	0	0	1	1	0	1	1	0	1
0	0	0	1	1	0	1	1	1	1
0	0	0	1	1	1	0	0	0	1
0	0	0	1	1	1	0	0	1	1
0	0	0	1	1	1	0	1	0	1
0	0	0	1	1	1	0	1	1	1
0	0	0	1	1	1	1	0	0	1
0	0	0	1	1	1	1	0	1	1
0	0	0	1	1	1	1	1	0	1
0	0	0	1	1	1	1	1	1	1
0	0	1	0	0	0	0	0	0	0
0	0	1	0	0	0	0	0	1	0
0	0	1	0	0	0	0	1	0	0
0	0	1	0	0	0	0	1	1	0
0	0	1	0	0	0	1	0	0	0
0	0	1	0	0	0	1	0	1	0
0	0	1	0	0	0	1	1	0	0
0	0	1	0	0	0	1	1	1	0
0	0	1	0	0	1	0	0	0	0
0	0	1	0	0	1	0	0	1	0
0	0	1	0	0	1	0	1	0	0
0	0	1	0	0	1	0	1	1	0
0	0	1	0	0	1	1	0	0	0
0	0	1	0	0	1	1	0	1	0
0	0	1	0	0	1	1	1	0	0
0	0	1	0	0	1	1	1	1	1
0	0	1	0	1	0	0	0	0	0
0	0	1	0	1	0	0	0	1	0
0	0	1	0	1	0	0	1	0	0
0	0	1	0	1	0	0	1	1	0
0	0	1	0	1	0	1	0	0	0
0	0	1	0	1	0	1	0	1	0
0	0	1	0	1	0	1	1	0	0
0	0	1	0	1	0	1	1	1	0
0	0	1	0	1	1	0	0	0	0
0	0	1	0	1	1	0	0	1	0
0	0	1	0	1	1	0	1	0	0
0	0	1	0	1	1	0	1	1	0
0	0	1	0	1	1	1	0	0	0
0	0	1	0	1	1	1	0	1	0
0	0	1	0	1	1	1	1	0	0
0	0	1	0	1	1	1	1	1	1
0	0	1	1	0	0	0	0	0	0
0	0	1	1	0	0	0	0	1	1
0	0	1	1	0	0	0	1	0	0
0	0	1	1	0	0	0	1	1	1
0	0	1	1	0	0	1	0	0	0
0	0	1	1	0	0	1	0	1	1
0	0	1	1	0	0	1	1	0	0
0	0	1	1	0	0	1	1	1	1
0	0	1	1	0	1	0	0	0	0
0	0	1	1	0	1	0	0	1	1
0	0	1	1	0	1	0	1	0	0
0	0	1	1	0	1	0	1	1	1
0	0	1	1	0	1	1	0	0	0
0	0	1	1	0	1	1	0	1	1
0	0	1	1	0	1	1	1	0	0
0	0	1	1	0	1	1	1	1	1
0	0	1	1	1	0	0	0	0	1
0	0	1	1	1	0	0	0	1	1
0	0	1	1	1	0	0	1	0	1
0	0	1	1	1	0	0	1	1	1
0	0	1	1	1	0	1	0	0	1
0	0	1	1	1	0	1	0	1	1
0	0	1	1	1	0	1	1	0	1
0	0	1	1	1	0	1	1	1	1
0	0	1	1	1	1	0	0	0	1
0	0	1	1	1	1	0	0	1	1
0	0	1	1	1	1	0	1	0	1
0	0	1	1	1	1	0	1	1	1
0	0	1	1	1	1	1	0	0	1
0	0	1	1	1	1	1	0	1	1
0	0	1	1	1	1	1	1	0	1
0	0	1	1	1	1	1	1	1	1
0	1	0	0	0	0	0	0	0	0
0	1	0	0	0	0	0	0	1	0
0	1	0	0	0	0	0	1	0	0
0	1	0	0	0	0	0	1	1	0
0	1	0	0	0	0	1	0	0	0
0	1	0	0	0	0	1	0	1	0
0	1	0	0	0	0	1	1	0	0
0	1	0	0	0	0	1	1	1	0
0	1	0	0	0	1	0	0	0	0
0	1	0	0	0	1	0	0	1	0
0	1	0	0	0	1	0	1	0	0
0	1	0	0	0	1	0	1	1	0
0	1	0	0	0	1	1	0	0	0
0	1	0	0	0	1	1	0	1	0
0	1	0	0	0	1	1	1	0	0
0	1	0	0	0	1	1	1	1	1
0	1	0	0	1	0	0	0	0	0
0	1	0	0	1	0	0	0	1	0
0	1	0	0	1	0	0	1	0	0
0	1	0	0	1	0	0	1	1	0
0	1	0	0	1	0	1	0	0	0
0	1	0	0	1	0	1	0	1	0
0	1	0	0	1	0	1	1	0	0
0	1	0	0	1	0	1	1	1	0
0	1	0	0	1	1	0	0	0	0
0	1	0	0	1	1	0	0	1	0
0	1	0	0	1	1	0	1	0	0
0	1	0	0	1	1	0	1	1	0
0	1	0	0	1	1	1	0	0	0
0	1	0	0	1	1	1	0	1	0
0	1	0	0	1	1	1	1	0	0
0	1	0	0	1	1	1	1	1	1
0	1	0	1	0	0	0	0	0	0
0	1	0	1	0	0	0	0	1	0
0	1	0	1	0	0	0	1	0	0
0	1	0	1	0	0	0	1	1	0
0	1	0	1	0	0	1	0	0	0
0	1	0	1	0	0	1	0	1	0
0	1	0	1	0	0	1	1	0	0
0	1	0	1	0	0	1	1	1	0
0	1	0	1	0	1	0	0	0	0
0	1	0	1	0	1	0	0	1	0
0	1	0	1	0	1	0	1	0	0
0	1	0	1	0	1	0	1	1	0
0	1	0	1	0	1	1	0	0	0
0	1	0	1	0	1	1	0	1	0
0	1	0	1	0	1	1	1	0	0
0	1	0	1	0	1	1	1	1	0
0	1	0	1	1	0	0	0	0	1
0	1	0	1	1	0	0	0	1	1
0	1	0	1	1	0	0	1	0	1
0	1	0	1	1	0	0	1	1	1
0	1	0	1	1	0	1	0	0	1
0	1	0	1	1	0	1	0	1	1
0	1	0	1	1	0	1	1	0	1
0	1	0	1	1	0	1	1	1	1
0	1	0	1	1	1	0	0	0	1
0	1	0	1	1	1	0	0	1	1
0	1	0	1	1	1	0	1	0	1
0	1	0	1	1	1	0	1	1	1
0	1	0	1	1	1	1	0	0	1
0	1	0	1	1	1	1	0	1	1
0	1	0	1	1	1	1	1	0	1
0	1	0	1	1	1	1	1	1	1
0	1	1	0	0	0	0	0	0	0
0	1	1	0	0	0	0	0	1	0
0	1	1	0	0	0	0	1	0	0
0	1	1	0	0	0	0	1	1	0
0	1	1	0	0	0	1	0	0	0
0	1	1	0	0	0	1	0	1	0
0	1	1	0	0	0	1	1	0	0
0	1	1	0	0	0	1	1	1	0
0	1	1	0	0	1	0	0	0	0
0	1	1	0	0	1	0	0	1	0
0	1	1	0	0	1	0	1	0	0
0	1	1	0	0	1	0	1	1	0
0	1	1	0	0	1	1	0	0	0
0	1	1	0	0	1	1	0	1	0
0	1	1	0	0	1	1	1	0	0
0	1	1	0	0	1	1	1	1	1
0	1	1	0	1	0	0	0	0	0
0	1	1	0	1	0	0	0	1	0
0	1	1	0	1	0	0	1	0	0
0	1	1	0	1	0	0	1	1	0
0	1	1	0	1	0	1	0	0	0
0	1	1	0	1	0	1	0	1	0
0	1	1	0	1	0	1	1	0	0
0	1	1	0	1	0	1	1	1	0
0	1	1	0	1	1	0	0	0	0
0	1	1	0	1	1	0	0	1	0
0	1	1	0	1	1	0	1	0	0
0	1	1	0	1	1	0	1	1	0
0	1	1	0	1	1	1	0	0	0
0	1	1	0	1	1	1	0	1	0
0	1	1	0	1	1	1	1	0	0
0	1	1	0	1	1	1	1	1	1
0	1	1	1	0	0	0	0	0	0
0	1	1	1	0	0	0	0	1	0
0	1	1	1	0	0	0	1	0	0
0	1	1	1	0	0	0	1	1	0
0	1	1	1	0	0	1	0	0	0
0	1	1	1	0	0	1	0	1	0
0	1	1	1	0	0	1	1	0	0
0	1	1	1	0	0	1	1	1	0
0	1	1	1	0	1	0	0	0	0
0	1	1	1	0	1	0	0	1	0
0	1	1	1	0	1	0	1	0	0
0	1	1	1	0	1	0	1	1	0
0	1	1	1	0	1	1	0	0	0
0	1	1	1	0	1	1	0	1	0
0	1	1	1	0	1	1	1	0	0
0	1	1	1	0	1	1	1	1	0
0	1	1	1	1	0	0	0	0	1
0	1	1	1	1	0	0	0	1	1
0	1	1	1	1	0	0	1	0	1
0	1	1	1	1	0	0	1	1	1
0	1	1	1	1	0	1	0	0	1
0	1	1	1	1	0	1	0	1	1
0	1	1	1	1	0	1	1	0	1
0	1	1	1	1	0	1	1	1	1
0	1	1	1	1	1	0	0	0	1
0	1	1	1	1	1	0	0	1	1
0	1	1	1	1	1	0	1	0	1
0	1	1	1	1	1	0	1	1	1
0	1	1	1	1	1	1	0	0	1
0	1	1	1	1	1	1	0	1	1
0	1	1	1	1	1	1	1	0	1
0	1	1	1	1	1	1	1	1	1
1	0	0	0	0	0	0	0	0	0
1	0	0	0	0	0	0	0	1	0
1	0	0	0	0	0	0	1	0	0
1	0	0	0	0	0	0	1	1	0
1	0	0	0	0	0	1	0	0	0
1	0	0	0	0	0	1	0	1	0
1	0	0	0	0	0	1	1	0	0
1	0	0	0	0	0	1	1	1	0
1	0	0	0	0	1	0	0	0	0
1	0	0	0	0	1	0	0	1	0
1	0	0	0	0	1	0	1	0	0
1	0	0	0	0	1	0	1	1	0
1	0	0	0	0	1	1	0	0	0
1	0	0	0	0	1	1	0	1	0
1	0	0	0	0	1	1	1	0	0
1	0	0	0	0	1	1	1	1	1
1	0	0	0	1	0	0	0	0	0
1	0	0	0	1	0	0	0	1	0
1	0	0	0	1	0	0	1	0	0
1	0	0	0	1	0	0	1	1	0
1	0	0	0	1	0	1	0	0	0
1	0	0	0	1	0	1	0	1	0
1	0	0	0	1	0	1	1	0	0
1	0	0	0	1	0	1	1	1	0
1	0	0	0	1	1	0	0	0	0
1	0	0	0	1	1	0	0	1	0
1	0	0	0	1	1	0	1	0	0
1	0	0	0	1	1	0	1	1	0
1	0	0	0	1	1	1	0	0	0
1	0	0	0	1	1	1	0	1	0
1	0	0	0	1	1	1	1	0	0
1	0	0	0	1	1	1	1	1	1
1	0	0	1	0	0	0	0	0	0
1	0	0	1	0	0	0	0	1	0
1	0	0	1	0	0	0	1	0	0
1	0	0	1	0	0	0	1	1	0
1	0	0	1	0	0	1	0	0	0
1	0	0	1	0	0	1	0	1	0
1	0	0	1	0	0	1	1	0	0
1	0	0	1	0	0	1	1	1	0
1	0	0	1	0	1	0	0	0	0
1	0	0	1	0	1	0	0	1	0
1	0	0	1	0	1	0	1	0	0
1	0	0	1	0	1	0	1	1	0
1	0	0	1	0	1	1	0	0	0
1	0	0	1	0	1	1	0	1	0
1	0	0	1	0	1	1	1	0	0
1	0	0	1	0	1	1	1	1	0
1	0	0	1	1	0	0	0	0	1
1	0	0	1	1	0	0	0	1	1
1	0	0	1	1	0	0	1	0	1
1	0	0	1	1	0	0	1	1	1
1	0	0	1	1	0	1	0	0	1
1	0	0	1	1	0	1	0	1	1
1	0	0	1	1	0	1	1	0	1
1	0	0	1	1	0	1	1	1	1
1	0	0	1	1	1	0	0	0	1
1	0	0	1	1	1	0	0	1	1
1	0	0	1	1	1	0	1	0	1
1	0	0	1	1	1	0	1	1	1
1	0	0	1	1	1	1	0	0	1
1	0	0	1	1	1	1	0	1	1
1	0	0	1	1	1	1	1	0	1
1	0	0	1	1	1	1	1	1	1
1	0	1	0	0	0	0	0	0	0
1	0	1	0	0	0	0	0	1	0
1	0	1	0	0	0	0	1	0	0
1	0	1	0	0	0	0	1	1	0
1	0	1	0	0	0	1	0	0	0
1	0	1	0	0	0	1	0	1	0
1	0	1	0	0	0	1	1	0	0
1	0	1	0	0	0	1	1	1	0
1	0	1	0	0	1	0	0	0	0
1	0	1	0	0	1	0	0	1	0
1	0	1	0	0	1	0	1	0	0
1	0	1	0	0	1	0	1	1	0
1	0	1	0	0	1	1	0	0	0
1	0	1	0	0	1	1	0	1	0
1	0	1	0	0	1	1	1	0	0
1	0	1	0	0	1	1	1	1	1
1	0	1	0	1	0	0	0	0	0
1	0	1	0	1	0	0	0	1	0
1	0	1	0	1	0	0	1	0	0
1	0	1	0	1	0	0	1	1	0
1	0	1	0	1	0	1	0	0	0
1	0	1	0	1	0	1	0	1	0
1	0	1	0	1	0	1	1	0	0
1	0	1	0	1	0	1	1	1	0
1	0	1	0	1	1	0	0	0	0
1	0	1	0	1	1	0	0	1	0
1	0	1	0	1	1	0	1	0	0
1	0	1	0	1	1	0	1	1	0
1	0	1	0	1	1	1	0	0	0
1	0	1	0	1	1	1	0	1	0
1	0	1	0	1	1	1	1	0	0
1	0	1	0	1	1	1	1	1	1
1	0	1	1	0	0	0	0	0	0
1	0	1	1	0	0	0	0	1	0
1	0	1	1	0	0	0	1	0	0
1	0	1	1	0	0	0	1	1	0
1	0	1	1	0	0	1	0	0	0
1	0	1	1	0	0	1	0	1	0
1	0	1	1	0	0	1	1	0	0
1	0	1	1	0	0	1	1	1	0
1	0	1	1	0	1	0	0	0	0
1	0	1	1	0	1	0	0	1	0
1	0	1	1	0	1	0	1	0	0
1	0	1	1	0	1	0	1	1	0
1	0	1	1	0	1	1	0	0	0
1	0	1	1	0	1	1	0	1	0
1	0	1	1	0	1	1	1	0	0
1	0	1	1	0	1	1	1	1	0
1	0	1	1	1	0	0	0	0	1
1	0	1	1	1	0	0	0	1	1
1	0	1	1	1	0	0	1	0	1
1	0	1	1	1	0	0	1	1	1
1	0	1	1	1	0	1	0	0	1
1	0	1	1	1	0	1	0	1	1
1	0	1	1	1	0	1	1	0	1
1	0	1	1	1	0	1	1	1	1
1	0	1	1	1	1	0	0	0	1
1	0	1	1	1	1	0	0	1	1
1	0	1	1	1	1	0	1	0	1
1	0	1	1	1	1	0	1	1	1
1	0	1	1	1	1	1	0	0	1
1	0	1	1	1	1	1	0	1	1
1	0	1	1	1	1	1	1	0	1
1	0	1	1	1	1	1	1	1	1
1	1	0	0	0	0	0	0	0	0
1	1	0	0	0	0	0	0	1	0
1	1	0	0	0	0	0	1	0	0
1	1	0	0	0	0	0	1	1	0
1	1	0	0	0	0	1	0	0	0
1	1	0	0	0	0	1	0	1	0
1	1	0	0	0	0	1	1	0	0
1	1	0	0	0	0	1	1	1	0
1	1	0	0	0	1	0	0	0	0
1	1	0	0	0	1	0	0	1	0
1	1	0	0	0	1	0	1	0	0
1	1	0	0	0	1	0	1	1	0
1	1	0	0	0	1	1	0	0	0
1	1	0	0	0	1	1	0	1	0
1	1	0	0	0	1	1	1	0	0
1	1	0	0	0	1	1	1	1	1
1	1	0	0	1	0	0	0	0	0
1	1	0	0	1	0	0	0	1	0
1	1	0	0	1	0	0	1	0	0
1	1	0	0	1	0	0	1	1	0
1	1	0	0	1	0	1	0	0	0
1	1	0	0	1	0	1	0	1	0
1	1	0	0	1	0	1	1	0	0
1	1	0	0	1	0	1	1	1	0
1	1	0	0	1	1	0	0	0	0
1	1	0	0	1	1	0	0	1	0
1	1	0	0	1	1	0	1	0	0
1	1	0	0	1	1	0	1	1	0
1	1	0	0	1	1	1	0	0	0
1	1	0	0	1	1	1	0	1	0
1	1	0	0	1	1	1	1	0	0
1	1	0	0	1	1	1	1	1	1
1	1	0	1	0	0	0	0	0	0
1	1	0	1	0	0	0	0	1	0
1	1	0	1	0	0	0	1	0	0
1	1	0	1	0	0	0	1	1	0
1	1	0	1	0	0	1	0	0	0
1	1	0	1	0	0	1	0	1	0
1	1	0	1	0	0	1	1	0	0
1	1	0	1	0	0	1	1	1	0
1	1	0	1	0	1	0	0	0	0
1	1	0	1	0	1	0	0	1	0
1	1	0	1	0	1	0	1	0	0
1	1	0	1	0	1	0	1	1	0
1	1	0	1	0	1	1	0	0	0
1	1	0	1	0	1	1	0	1	0
1	1	0	1	0	1	1	1	0	0
1	1	0	1	0	1	1	1	1	0
1	1	0	1	1	0	0	0	0	1
1	1	0	1	1	0	0	0	1	1
1	1	0	1	1	0	0	1	0	1
1	1	0	1	1	0	0	1	1	1
1	1	0	1	1	0	1	0	0	1
1	1	0	1	1	0	1	0	1	1
1	1	0	1	1	0	1	1	0	1
1	1	0	1	1	0	1	1	1	1
1	1	0	1	1	1	0	0	0	1
1	1	0	1	1	1	0	0	1	1
1	1	0	1	1	1	0	1	0	1
1	1	0	1	1	1	0	1	1	1
1	1	0	1	1	1	1	0	0	1
1	1	0	1	1	1	1	0	1	1
1	1	0	1	1	1	1	1	0	1
1	1	0	1	1	1	1	1	1	1
1	1	1	0	0	0	0	0	0	0
1	1	1	0	0	0	0	0	1	0
1	1	1	0	0	0	0	1	0	0
1	1	1	0	0	0	0	1	1	0
1	1	1	0	0	0	1	0	0	0
1	1	1	0	0	0	1	0	1	0
1	1	1	0	0	0	1	1	0	0
1	1	1	0	0	0	1	1	1	0
1	1	1	0	0	1	0	0	0	0
1	1	1	0	0	1	0	0	1	0
1	1	1	0	0	1	0	1	0	0
1	1	1	0	0	1	0	1	1	0
1	1	1	0	0	1	1	0	0	0
1	1	1	0	0	1	1	0	1	0
1	1	1	0	0	1	1	1	0	0
1	1	1	0	0	1	1	1	1	1
1	1	1	0	1	0	0	0	0	0
1	1	1	0	1	0	0	0	1	0
1	1	1	0	1	0	0	1	0	0
1	1	1	0	1	0	0	1	1	0
1	1	1	0	1	0	1	0	0	0
1	1	1	0	1	0	1	0	1	0
1	1	1	0	1	0	1	1	0	0
1	1	1	0	1	0	1	1	1	0
1	1	1	0	1	1	0	0	0	0
1	1	1	0	1	1	0	0	1	0
1	1	1	0	1	1	0	1	0	0
1	1	1	0	1	1	0	1	1	0
1	1	1	0	1	1	1	0	0	0
1	1	1	0	1	1	1	0	1	0
1	1	1	0	1	1	1	1	0	0
1	1	1	0	1	1	1	1	1	1
1	1	1	1	0	0	0	0	0	0
1	1	1	1	0	0	0	0	1	0
1	1	1	1	0	0	0	1	0	0
1	1	1	1	0	0	0	1	1	0
1	1	1	1	0	0	1	0	0	0
1	1	1	1	0	0	1	0	1	0
1	1	1	1	0	0	1	1	0	0
1	1	1	1	0	0	1	1	1	0
1	1	1	1	0	1	0	0	0	0
1	1	1	1	0	1	0	0	1	0
1	1	1	1	0	1	0	1	0	0
1	1	1	1	0	1	0	1	1	0
1	1	1	1	0	1	1	0	0	0
1	1	1	1	0	1	1	0	1	0
1	1	1	1	0	1	1	1	0	0
1	1	1	1	0	1	1	1	1	0
1	1	1	1	1	0	0	0	0	1
1	1	1	1	1	0	0	0	1	1
1	1	1	1	1	0	0	1	0	1
1	1	1	1	1	0	0	1	1	1
1	1	1	1	1	0	1	0	0	1
1	1	1	1	1	0	1	0	1	1
1	1	1	1	1	0	1	1	0	1
1	1	1	1	1	0	1	1	1	1
1	1	1	1	1	1	0	0	0	1
1	1	1	1	1	1	0	0	1	1
1	1	1	1	1	1	0	1	0	1
1	1	1	1	1	1	0	1	1	1
1	1	1	1	1	1	1	0	0	1
1	1	1	1	1	1	1	0	1	1
1	1	1	1	1	1	1	1	0	1
1	1	1	1	1	1	1	1	1	1
