PKC	B_Arrestin	PDK1	Ras	PIP3_345	alpha_12_13_R	alpha_s_R	alpha_q_R	alpha_i_R	RalGDS
0	0	0	0	0	0	0	0	0	0
0	0	0	0	0	0	0	0	1	0
0	0	0	0	0	0	0	1	0	0
0	0	0	0	0	0	0	1	1	0
0	0	0	0	0	0	1	0	0	0
0	0	0	0	0	0	1	0	1	0
0	0	0	0	0	0	1	1	0	0
0	0	0	0	0	0	1	1	1	0
0	0	0	0	0	1	0	0	0	0
0	0	0	0	0	1	0	0	1	0
0	0	0	0	0	1	0	1	0	0
0	0	0	0	0	1	0	1	1	0
0	0	0	0	0	1	1	0	0	0
0	0	0	0	0	1	1	0	1	0
0	0	0	0	0	1	1	1	0	0
0	0	0	0	0	1	1	1	1	0
0	0	0	0	1	0	0	0	0	0
0	0	0	0	1	0	0	0	1	0
0	0	0	0	1	0	0	1	0	0
0	0	0	0	1	0	0	1	1	0
0	0	0	0	1	0	1	0	0	0
0	0	0	0	1	0	1	0	1	0
0	0	0	0	1	0	1	1	0	0
0	0	0	0	1	0	1	1	1	0
0	0	0	0	1	1	0	0	0	0
0	0	0	0	1	1	0	0	1	0
0	0	0	0	1	1	0	1	0	0
0	0	0	0	1	1	0	1	1	0
0	0	0	0	1	1	1	0	0	0
0	0	0	0	1	1	1	0	1	0
0	0	0	0	1	1	1	1	0	0
0	0	0	0	1	1	1	1	1	0
0	0	0	1	0	0	0	0	0	0
0	0	0	1	0	0	0	0	1	0
0	0	0	1	0	0	0	1	0	0
0	0	0	1	0	0	0	1	1	0
0	0	0	1	0	0	1	0	0	0
0	0	0	1	0	0	1	0	1	0
0	0	0	1	0	0	1	1	0	0
0	0	0	1	0	0	1	1	1	0
0	0	0	1	0	1	0	0	0	0
0	0	0	1	0	1	0	0	1	0
0	0	0	1	0	1	0	1	0	0
0	0	0	1	0	1	0	1	1	0
0	0	0	1	0	1	1	0	0	0
0	0	0	1	0	1	1	0	1	0
0	0	0	1	0	1	1	1	0	0
0	0	0	1	0	1	1	1	1	0
0	0	0	1	1	0	0	0	0	0
0	0	0	1	1	0	0	0	1	0
0	0	0	1	1	0	0	1	0	0
0	0	0	1	1	0	0	1	1	0
0	0	0	1	1	0	1	0	0	0
0	0	0	1	1	0	1	0	1	0
0	0	0	1	1	0	1	1	0	0
0	0	0	1	1	0	1	1	1	0
0	0	0	1	1	1	0	0	0	0
0	0	0	1	1	1	0	0	1	0
0	0	0	1	1	1	0	1	0	0
0	0	0	1	1	1	0	1	1	0
0	0	0	1	1	1	1	0	0	0
0	0	0	1	1	1	1	0	1	0
0	0	0	1	1	1	1	1	0	0
0	0	0	1	1	1	1	1	1	0
0	0	1	0	0	0	0	0	0	0
0	0	1	0	0	0	0	0	1	0
0	0	1	0	0	0	0	1	0	0
0	0	1	0	0	0	0	1	1	0
0	0	1	0	0	0	1	0	0	0
0	0	1	0	0	0	1	0	1	0
0	0	1	0	0	0	1	1	0	0
0	0	1	0	0	0	1	1	1	0
0	0	1	0	0	1	0	0	0	0
0	0	1	0	0	1	0	0	1	0
0	0	1	0	0	1	0	1	0	0
0	0	1	0	0	1	0	1	1	0
0	0	1	0	0	1	1	0	0	0
0	0	1	0	0	1	1	0	1	0
0	0	1	0	0	1	1	1	0	0
0	0	1	0	0	1	1	1	1	0
0	0	1	0	1	0	0	0	0	0
0	0	1	0	1	0	0	0	1	0
0	0	1	0	1	0	0	1	0	0
0	0	1	0	1	0	0	1	1	0
0	0	1	0	1	0	1	0	0	0
0	0	1	0	1	0	1	0	1	0
0	0	1	0	1	0	1	1	0	0
0	0	1	0	1	0	1	1	1	0
0	0	1	0	1	1	0	0	0	0
0	0	1	0	1	1	0	0	1	0
0	0	1	0	1	1	0	1	0	0
0	0	1	0	1	1	0	1	1	0
0	0	1	0	1	1	1	0	0	0
0	0	1	0	1	1	1	0	1	0
0	0	1	0	1	1	1	1	0	0
0	0	1	0	1	1	1	1	1	0
0	0	1	1	0	0	0	0	0	0
0	0	1	1	0	0	0	0	1	0
0	0	1	1	0	0	0	1	0	0
0	0	1	1	0	0	0	1	1	0
0	0	1	1	0	0	1	0	0	0
0	0	1	1	0	0	1	0	1	0
0	0	1	1	0	0	1	1	0	0
0	0	1	1	0	0	1	1	1	0
0	0	1	1	0	1	0	0	0	0
0	0	1	1	0	1	0	0	1	0
0	0	1	1	0	1	0	1	0	0
0	0	1	1	0	1	0	1	1	0
0	0	1	1	0	1	1	0	0	0
0	0	1	1	0	1	1	0	1	0
0	0	1	1	0	1	1	1	0	0
0	0	1	1	0	1	1	1	1	0
0	0	1	1	1	0	0	0	0	0
0	0	1	1	1	0	0	0	1	0
0	0	1	1	1	0	0	1	0	0
0	0	1	1	1	0	0	1	1	0
0	0	1	1	1	0	1	0	0	0
0	0	1	1	1	0	1	0	1	0
0	0	1	1	1	0	1	1	0	0
0	0	1	1	1	0	1	1	1	0
0	0	1	1	1	1	0	0	0	0
0	0	1	1	1	1	0	0	1	0
0	0	1	1	1	1	0	1	0	0
0	0	1	1	1	1	0	1	1	0
0	0	1	1	1	1	1	0	0	0
0	0	1	1	1	1	1	0	1	0
0	0	1	1	1	1	1	1	0	0
0	0	1	1	1	1	1	1	1	0
0	1	0	0	0	0	0	0	0	0
0	1	0	0	0	0	0	0	1	1
0	1	0	0	0	0	0	1	0	1
0	1	0	0	0	0	0	1	1	1
0	1	0	0	0	0	1	0	0	1
0	1	0	0	0	0	1	0	1	1
0	1	0	0	0	0	1	1	0	1
0	1	0	0	0	0	1	1	1	1
0	1	0	0	0	1	0	0	0	1
0	1	0	0	0	1	0	0	1	1
0	1	0	0	0	1	0	1	0	1
0	1	0	0	0	1	0	1	1	1
0	1	0	0	0	1	1	0	0	1
0	1	0	0	0	1	1	0	1	1
0	1	0	0	0	1	1	1	0	1
0	1	0	0	0	1	1	1	1	1
0	1	0	0	1	0	0	0	0	0
0	1	0	0	1	0	0	0	1	1
0	1	0	0	1	0	0	1	0	1
0	1	0	0	1	0	0	1	1	1
0	1	0	0	1	0	1	0	0	1
0	1	0	0	1	0	1	0	1	1
0	1	0	0	1	0	1	1	0	1
0	1	0	0	1	0	1	1	1	1
0	1	0	0	1	1	0	0	0	1
0	1	0	0	1	1	0	0	1	1
0	1	0	0	1	1	0	1	0	1
0	1	0	0	1	1	0	1	1	1
0	1	0	0	1	1	1	0	0	1
0	1	0	0	1	1	1	0	1	1
0	1	0	0	1	1	1	1	0	1
0	1	0	0	1	1	1	1	1	1
0	1	0	1	0	0	0	0	0	0
0	1	0	1	0	0	0	0	1	1
0	1	0	1	0	0	0	1	0	1
0	1	0	1	0	0	0	1	1	1
0	1	0	1	0	0	1	0	0	1
0	1	0	1	0	0	1	0	1	1
0	1	0	1	0	0	1	1	0	1
0	1	0	1	0	0	1	1	1	1
0	1	0	1	0	1	0	0	0	1
0	1	0	1	0	1	0	0	1	1
0	1	0	1	0	1	0	1	0	1
0	1	0	1	0	1	0	1	1	1
0	1	0	1	0	1	1	0	0	1
0	1	0	1	0	1	1	0	1	1
0	1	0	1	0	1	1	1	0	1
0	1	0	1	0	1	1	1	1	1
0	1	0	1	1	0	0	0	0	0
0	1	0	1	1	0	0	0	1	1
0	1	0	1	1	0	0	1	0	1
0	1	0	1	1	0	0	1	1	1
0	1	0	1	1	0	1	0	0	1
0	1	0	1	1	0	1	0	1	1
0	1	0	1	1	0	1	1	0	1
0	1	0	1	1	0	1	1	1	1
0	1	0	1	1	1	0	0	0	1
0	1	0	1	1	1	0	0	1	1
0	1	0	1	1	1	0	1	0	1
0	1	0	1	1	1	0	1	1	1
0	1	0	1	1	1	1	0	0	1
0	1	0	1	1	1	1	0	1	1
0	1	0	1	1	1	1	1	0	1
0	1	0	1	1	1	1	1	1	1
0	1	1	0	0	0	0	0	0	0
0	1	1	0	0	0	0	0	1	1
0	1	1	0	0	0	0	1	0	1
0	1	1	0	0	0	0	1	1	1
0	1	1	0	0	0	1	0	0	1
0	1	1	0	0	0	1	0	1	1
0	1	1	0	0	0	1	1	0	1
0	1	1	0	0	0	1	1	1	1
0	1	1	0	0	1	0	0	0	1
0	1	1	0	0	1	0	0	1	1
0	1	1	0	0	1	0	1	0	1
0	1	1	0	0	1	0	1	1	1
0	1	1	0	0	1	1	0	0	1
0	1	1	0	0	1	1	0	1	1
0	1	1	0	0	1	1	1	0	1
0	1	1	0	0	1	1	1	1	1
0	1	1	0	1	0	0	0	0	0
0	1	1	0	1	0	0	0	1	1
0	1	1	0	1	0	0	1	0	1
0	1	1	0	1	0	0	1	1	1
0	1	1	0	1	0	1	0	0	1
0	1	1	0	1	0	1	0	1	1
0	1	1	0	1	0	1	1	0	1
0	1	1	0	1	0	1	1	1	1
0	1	1	0	1	1	0	0	0	1
0	1	1	0	1	1	0	0	1	1
0	1	1	0	1	1	0	1	0	1
0	1	1	0	1	1	0	1	1	1
0	1	1	0	1	1	1	0	0	1
0	1	1	0	1	1	1	0	1	1
0	1	1	0	1	1	1	1	0	1
0	1	1	0	1	1	1	1	1	1
0	1	1	1	0	0	0	0	0	0
0	1	1	1	0	0	0	0	1	1
0	1	1	1	0	0	0	1	0	1
0	1	1	1	0	0	0	1	1	1
0	1	1	1	0	0	1	0	0	1
0	1	1	1	0	0	1	0	1	1
0	1	1	1	0	0	1	1	0	1
0	1	1	1	0	0	1	1	1	1
0	1	1	1	0	1	0	0	0	1
0	1	1	1	0	1	0	0	1	1
0	1	1	1	0	1	0	1	0	1
0	1	1	1	0	1	0	1	1	1
0	1	1	1	0	1	1	0	0	1
0	1	1	1	0	1	1	0	1	1
0	1	1	1	0	1	1	1	0	1
0	1	1	1	0	1	1	1	1	1
0	1	1	1	1	0	0	0	0	0
0	1	1	1	1	0	0	0	1	0
0	1	1	1	1	0	0	1	0	0
0	1	1	1	1	0	0	1	1	0
0	1	1	1	1	0	1	0	0	0
0	1	1	1	1	0	1	0	1	0
0	1	1	1	1	0	1	1	0	0
0	1	1	1	1	0	1	1	1	0
0	1	1	1	1	1	0	0	0	0
0	1	1	1	1	1	0	0	1	0
0	1	1	1	1	1	0	1	0	0
0	1	1	1	1	1	0	1	1	0
0	1	1	1	1	1	1	0	0	0
0	1	1	1	1	1	1	0	1	0
0	1	1	1	1	1	1	1	0	0
0	1	1	1	1	1	1	1	1	0
1	0	0	0	0	0	0	0	0	0
1	0	0	0	0	0	0	0	1	0
1	0	0	0	0	0	0	1	0	0
1	0	0	0	0	0	0	1	1	0
1	0	0	0	0	0	1	0	0	0
1	0	0	0	0	0	1	0	1	0
1	0	0	0	0	0	1	1	0	0
1	0	0	0	0	0	1	1	1	0
1	0	0	0	0	1	0	0	0	0
1	0	0	0	0	1	0	0	1	0
1	0	0	0	0	1	0	1	0	0
1	0	0	0	0	1	0	1	1	0
1	0	0	0	0	1	1	0	0	0
1	0	0	0	0	1	1	0	1	0
1	0	0	0	0	1	1	1	0	0
1	0	0	0	0	1	1	1	1	0
1	0	0	0	1	0	0	0	0	0
1	0	0	0	1	0	0	0	1	0
1	0	0	0	1	0	0	1	0	0
1	0	0	0	1	0	0	1	1	0
1	0	0	0	1	0	1	0	0	0
1	0	0	0	1	0	1	0	1	0
1	0	0	0	1	0	1	1	0	0
1	0	0	0	1	0	1	1	1	0
1	0	0	0	1	1	0	0	0	0
1	0	0	0	1	1	0	0	1	0
1	0	0	0	1	1	0	1	0	0
1	0	0	0	1	1	0	1	1	0
1	0	0	0	1	1	1	0	0	0
1	0	0	0	1	1	1	0	1	0
1	0	0	0	1	1	1	1	0	0
1	0	0	0	1	1	1	1	1	0
1	0	0	1	0	0	0	0	0	0
1	0	0	1	0	0	0	0	1	0
1	0	0	1	0	0	0	1	0	0
1	0	0	1	0	0	0	1	1	0
1	0	0	1	0	0	1	0	0	0
1	0	0	1	0	0	1	0	1	0
1	0	0	1	0	0	1	1	0	0
1	0	0	1	0	0	1	1	1	0
1	0	0	1	0	1	0	0	0	0
1	0	0	1	0	1	0	0	1	0
1	0	0	1	0	1	0	1	0	0
1	0	0	1	0	1	0	1	1	0
1	0	0	1	0	1	1	0	0	0
1	0	0	1	0	1	1	0	1	0
1	0	0	1	0	1	1	1	0	0
1	0	0	1	0	1	1	1	1	0
1	0	0	1	1	0	0	0	0	0
1	0	0	1	1	0	0	0	1	0
1	0	0	1	1	0	0	1	0	0
1	0	0	1	1	0	0	1	1	0
1	0	0	1	1	0	1	0	0	0
1	0	0	1	1	0	1	0	1	0
1	0	0	1	1	0	1	1	0	0
1	0	0	1	1	0	1	1	1	0
1	0	0	1	1	1	0	0	0	0
1	0	0	1	1	1	0	0	1	0
1	0	0	1	1	1	0	1	0	0
1	0	0	1	1	1	0	1	1	0
1	0	0	1	1	1	1	0	0	0
1	0	0	1	1	1	1	0	1	0
1	0	0	1	1	1	1	1	0	0
1	0	0	1	1	1	1	1	1	0
1	0	1	0	0	0	0	0	0	0
1	0	1	0	0	0	0	0	1	0
1	0	1	0	0	0	0	1	0	0
1	0	1	0	0	0	0	1	1	0
1	0	1	0	0	0	1	0	0	0
1	0	1	0	0	0	1	0	1	0
1	0	1	0	0	0	1	1	0	0
1	0	1	0	0	0	1	1	1	0
1	0	1	0	0	1	0	0	0	0
1	0	1	0	0	1	0	0	1	0
1	0	1	0	0	1	0	1	0	0
1	0	1	0	0	1	0	1	1	0
1	0	1	0	0	1	1	0	0	0
1	0	1	0	0	1	1	0	1	0
1	0	1	0	0	1	1	1	0	0
1	0	1	0	0	1	1	1	1	0
1	0	1	0	1	0	0	0	0	0
1	0	1	0	1	0	0	0	1	0
1	0	1	0	1	0	0	1	0	0
1	0	1	0	1	0	0	1	1	0
1	0	1	0	1	0	1	0	0	0
1	0	1	0	1	0	1	0	1	0
1	0	1	0	1	0	1	1	0	0
1	0	1	0	1	0	1	1	1	0
1	0	1	0	1	1	0	0	0	0
1	0	1	0	1	1	0	0	1	0
1	0	1	0	1	1	0	1	0	0
1	0	1	0	1	1	0	1	1	0
1	0	1	0	1	1	1	0	0	0
1	0	1	0	1	1	1	0	1	0
1	0	1	0	1	1	1	1	0	0
1	0	1	0	1	1	1	1	1	0
1	0	1	1	0	0	0	0	0	0
1	0	1	1	0	0	0	0	1	0
1	0	1	1	0	0	0	1	0	0
1	0	1	1	0	0	0	1	1	0
1	0	1	1	0	0	1	0	0	0
1	0	1	1	0	0	1	0	1	0
1	0	1	1	0	0	1	1	0	0
1	0	1	1	0	0	1	1	1	0
1	0	1	1	0	1	0	0	0	0
1	0	1	1	0	1	0	0	1	0
1	0	1	1	0	1	0	1	0	0
1	0	1	1	0	1	0	1	1	0
1	0	1	1	0	1	1	0	0	0
1	0	1	1	0	1	1	0	1	0
1	0	1	1	0	1	1	1	0	0
1	0	1	1	0	1	1	1	1	0
1	0	1	1	1	0	0	0	0	0
1	0	1	1	1	0	0	0	1	0
1	0	1	1	1	0	0	1	0	0
1	0	1	1	1	0	0	1	1	0
1	0	1	1	1	0	1	0	0	0
1	0	1	1	1	0	1	0	1	0
1	0	1	1	1	0	1	1	0	0
1	0	1	1	1	0	1	1	1	0
1	0	1	1	1	1	0	0	0	0
1	0	1	1	1	1	0	0	1	0
1	0	1	1	1	1	0	1	0	0
1	0	1	1	1	1	0	1	1	0
1	0	1	1	1	1	1	0	0	0
1	0	1	1	1	1	1	0	1	0
1	0	1	1	1	1	1	1	0	0
1	0	1	1	1	1	1	1	1	0
1	1	0	0	0	0	0	0	0	0
1	1	0	0	0	0	0	0	1	0
1	1	0	0	0	0	0	1	0	0
1	1	0	0	0	0	0	1	1	0
1	1	0	0	0	0	1	0	0	0
1	1	0	0	0	0	1	0	1	0
1	1	0	0	0	0	1	1	0	0
1	1	0	0	0	0	1	1	1	0
1	1	0	0	0	1	0	0	0	0
1	1	0	0	0	1	0	0	1	0
1	1	0	0	0	1	0	1	0	0
1	1	0	0	0	1	0	1	1	0
1	1	0	0	0	1	1	0	0	0
1	1	0	0	0	1	1	0	1	0
1	1	0	0	0	1	1	1	0	0
1	1	0	0	0	1	1	1	1	0
1	1	0	0	1	0	0	0	0	0
1	1	0	0	1	0	0	0	1	0
1	1	0	0	1	0	0	1	0	0
1	1	0	0	1	0	0	1	1	0
1	1	0	0	1	0	1	0	0	0
1	1	0	0	1	0	1	0	1	0
1	1	0	0	1	0	1	1	0	0
1	1	0	0	1	0	1	1	1	0
1	1	0	0	1	1	0	0	0	0
1	1	0	0	1	1	0	0	1	0
1	1	0	0	1	1	0	1	0	0
1	1	0	0	1	1	0	1	1	0
1	1	0	0	1	1	1	0	0	0
1	1	0	0	1	1	1	0	1	0
1	1	0	0	1	1	1	1	0	0
1	1	0	0	1	1	1	1	1	0
1	1	0	1	0	0	0	0	0	0
1	1	0	1	0	0	0	0	1	0
1	1	0	1	0	0	0	1	0	0
1	1	0	1	0	0	0	1	1	0
1	1	0	1	0	0	1	0	0	0
1	1	0	1	0	0	1	0	1	0
1	1	0	1	0	0	1	1	0	0
1	1	0	1	0	0	1	1	1	0
1	1	0	1	0	1	0	0	0	0
1	1	0	1	0	1	0	0	1	0
1	1	0	1	0	1	0	1	0	0
1	1	0	1	0	1	0	1	1	0
1	1	0	1	0	1	1	0	0	0
1	1	0	1	0	1	1	0	1	0
1	1	0	1	0	1	1	1	0	0
1	1	0	1	0	1	1	1	1	0
1	1	0	1	1	0	0	0	0	0
1	1	0	1	1	0	0	0	1	0
1	1	0	1	1	0	0	1	0	0
1	1	0	1	1	0	0	1	1	0
1	1	0	1	1	0	1	0	0	0
1	1	0	1	1	0	1	0	1	0
1	1	0	1	1	0	1	1	0	0
1	1	0	1	1	0	1	1	1	0
1	1	0	1	1	1	0	0	0	0
1	1	0	1	1	1	0	0	1	0
1	1	0	1	1	1	0	1	0	0
1	1	0	1	1	1	0	1	1	0
1	1	0	1	1	1	1	0	0	0
1	1	0	1	1	1	1	0	1	0
1	1	0	1	1	1	1	1	0	0
1	1	0	1	1	1	1	1	1	0
1	1	1	0	0	0	0	0	0	0
1	1	1	0	0	0	0	0	1	0
1	1	1	0	0	0	0	1	0	0
1	1	1	0	0	0	0	1	1	0
1	1	1	0	0	0	1	0	0	0
1	1	1	0	0	0	1	0	1	0
1	1	1	0	0	0	1	1	0	0
1	1	1	0	0	0	1	1	1	0
1	1	1	0	0	1	0	0	0	0
1	1	1	0	0	1	0	0	1	0
1	1	1	0	0	1	0	1	0	0
1	1	1	0	0	1	0	1	1	0
1	1	1	0	0	1	1	0	0	0
1	1	1	0	0	1	1	0	1	0
1	1	1	0	0	1	1	1	0	0
1	1	1	0	0	1	1	1	1	0
1	1	1	0	1	0	0	0	0	0
1	1	1	0	1	0	0	0	1	0
1	1	1	0	1	0	0	1	0	0
1	1	1	0	1	0	0	1	1	0
1	1	1	0	1	0	1	0	0	0
1	1	1	0	1	0	1	0	1	0
1	1	1	0	1	0	1	1	0	0
1	1	1	0	1	0	1	1	1	0
1	1	1	0	1	1	0	0	0	0
1	1	1	0	1	1	0	0	1	0
1	1	1	0	1	1	0	1	0	0
1	1	1	0	1	1	0	1	1	0
1	1	1	0	1	1	1	0	0	0
1	1	1	0	1	1	1	0	1	0
1	1	1	0	1	1	1	1	0	0
1	1	1	0	1	1	1	1	1	0
1	1	1	1	0	0	0	0	0	0
1	1	1	1	0	0	0	0	1	0
1	1	1	1	0	0	0	1	0	0
1	1	1	1	0	0	0	1	1	0
1	1	1	1	0	0	1	0	0	0
1	1	1	1	0	0	1	0	1	0
1	1	1	1	0	0	1	1	0	0
1	1	1	1	0	0	1	1	1	0
1	1	1	1	0	1	0	0	0	0
1	1	1	1	0	1	0	0	1	0
1	1	1	1	0	1	0	1	0	0
1	1	1	1	0	1	0	1	1	0
1	1	1	1	0	1	1	0	0	0
1	1	1	1	0	1	1	0	1	0
1	1	1	1	0	1	1	1	0	0
1	1	1	1	0	1	1	1	1	0
1	1	1	1	1	0	0	0	0	0
1	1	1	1	1	0	0	0	1	0
1	1	1	1	1	0	0	1	0	0
1	1	1	1	1	0	0	1	1	0
1	1	1	1	1	0	1	0	0	0
1	1	1	1	1	0	1	0	1	0
1	1	1	1	1	0	1	1	0	0
1	1	1	1	1	0	1	1	1	0
1	1	1	1	1	1	0	0	0	0
1	1	1	1	1	1	0	0	1	0
1	1	1	1	1	1	0	1	0	0
1	1	1	1	1	1	0	1	1	0
1	1	1	1	1	1	1	0	0	0
1	1	1	1	1	1	1	0	1	0
1	1	1	1	1	1	1	1	0	0
1	1	1	1	1	1	1	1	1	0
